1	290	290		290
2	289	289		289
3	291	291		291
4	291	291		291
5	290	290		290
6	290	290		290
7	288	288		288
8	290	290		290
9	288	288		288
10	289	289		289
11	287	287		287
12	289	289		289
13	288	288		288
14	290	290		290
15	289	289		289
16	288	288		288
17	287	287		287
18	288	288		288
19	287	287		287
20	287	287		287
21	286	286		286
22	288	288		288
23	287	287		287
24	288	288		288
25	290	290		290
26	288	288		288
27	290	290		290
28	290	290		290
29	289	289		289
30	289	289		289
31	290	290		290
32	289	289		289
33	288	288		288
34	286	286		286
35	288	288		288
36	287	287		287
37	289	289		289
38	289	289		289
39	290	290		290
40	287	287		287
41	289	289		289
42	289	289		289
43	290	290		290
44	290	290		290
45	288	288		288
46	290	290		290
47	289	289		289
48	290	290		290
49	290	290		290
50	290	290		290
51	290	290		290
52	289	289		289
53	290	290		290
54	291	291		291
55	290	290		290
56	290	290		290
57	290	290		290
58	290	290		290
59	289	289		289
60	288	288		288
61	288	288		288
62	287	287		287
63	288	288		288
64	289	289		289
65	290	290		290
66	288	288		288
67	289	289		289
68	290	290		290
69	290	290		290
70	290	290		290
71	290	290		290
72	290	290		290
73	290	290		290
74	288	288		288
75	290	290		290
76	290	290		290
77	290	290		290
78	290	290		290
79	289	289		289
80	289	289		289
81	289	289		289
82	288	288		288
83	289	289		289
84	289	289		289
85	289	289		289
86	290	290		290
87	289	289		289
88	288	288		288
89	288	288		288
90	288	288		288
91	287	287		287
92	286	286		286
93	290	290		290
94	287	287		287
95	288	288		288
96	287	287		287
97	287	287		287
98	288	288		288
99	289	289		289
100	286	286		286
101	289	289		289
102	290	290		290
103	290	290		290
104	290	290		290
105	289	289		289
106	289	289		289
107	290	290		290
108	289	289		289
109	288	288		288
110	288	288		288
111	290	290		290
112	289	289		289
113	290	290		290
114	289	289		289
115	288	288		288
116	290	290		290
117	289	289		289
118	289	289		289
119	288	288		288
120	288	288		288
121	287	287		287
122	290	290		290
123	289	289		289
124	289	289		289
125	290	290		290
126	287	287		287
127	288	288		288
128	290	290		290
129	291	291		291
130	290	290		290
131	289	289		289
132	290	290		290
133	289	289		289
134	289	289		289
135	290	290		290
136	290	290		290
137	288	288		288
138	285	285		285
139	286	286		286
140	284	284		284
141	284	284		284
142	284	284		284
143	284	284		284
144	283	283		283
145	282	282		282
146	282	282		282
147	283	283		283
148	283	283		283
149	283	283		283
150	282	282		282
151	282	282		282
152	283	283		283
153	281	281		281
154	282	282		282
155	281	281		281
156	283	283		283
157	281	281		281
158	281	281		281
159	279	279		279
160	278	278		278
161	281	281		281
162	279	279		279
163	280	280		280
164	278	278		278
165	279	279		279
166	278	278		278
167	281	281		281
168	279	279		279
169	282	282		282
170	281	281		281
171	283	283		283
172	283	283		283
173	284	284		284
174	285	285		285
175	286	286		286
176	286			286
177	286			286
178	286			286
179	287			287
180	288			288
181	288			288
182	286			286
183	288			288
184	287			287
185	290			290
186	289			289
187	288			288
188	289			289
189	288			288
190	288			288
191	288			288
192	287			287
193	288			288
194	288			288
195	289			289
196	290			290
197	288			288
198	288			288
199	290			290
200	290			290
201	288			288
202	287			287
203	289			289
204	288			288
205	287			287
206	288			288
207	288			288
208	288			288
209	288			288
210	287			287
211	288			288
212	289			289
213	290			290
214	289			289
215	289			289
216	288			288
217	288			288
218	288			288
219	287			287
220	288			288
221	289			289
222	289			289
223	287			287
224	287			287
225	289			289
226	288			288
227	288		288	288
228	288		288	288
229	288		288	288
230	289		289	289
231	289		289	289
232	288		288	288
233	290		290	290
234	289		289	289
235	290		290	290
236	288		288	288
237	290		290	290
238	290		290	290
239	289		289	289
240	289		289	289
241	288		288	288
242	289		289	289
243	289		289	289
244	288		288	288
245	288		288	288
246	290		290	290
247	288		288	288
248	289		289	289
249	290		290	290
250	290		290	290
251	290		290	290
252	289		289	289
253	288		288	288
254	288		288	288
255	289		289	289
256	289		289	289
257	290		290	290
258	290		290	290
259	290		290	290
260	290		290	290
261	290		290	290
262	290		290	290
263	290		290	290
264	290		290	290
265	289		289	289
266	289		289	289
267	289		289	289
268	289		289	289
269	291		291	291
270	290		290	290
271	289		289	289
272	288		288	288
273	290		290	290
274	290		290	290
275	290		290	290
276	289		289	289
277	288		288	288
278	290		290	290
279	289		289	289
280	289		289	289
281	289		289	289
282	289		289	289
283	287		287	287
284	289		289	289
285	289		289	289
286	289		289	289
287	290		290	290
288	290		290	290
289	288		288	288
290	288		288	288
291	288		288	288
292	289		289	289
293	288		288	288
294	288		288	288
295	288		288	288
296	290		290	290
297	288		288	288
298	288		288	288
299	290		290	290
300	288		288	288
301	291		291	291
302	288		288	288
303	290		290	290
304	290		290	290
305	290		290	290
306	290		290	290
307	288		288	288
308	290		290	290
309	290		290	290
310	290		290	290
311	290		290	290
312	288		288	288
313	288		288	288
314	289		289	289
315	290		290	290
316	290		290	290
317	290		290	290
318	290		290	290
319	290		290	290
320	290		290	290
321	290		290	290
322	290		290	290
323	290		290	290
324	290		290	290
325	290		290	290
326	288		288	288
327	288		288	288
328	288		288	288
329	288		288	288
330	288		288	288
331	289		289	289
332	288		288	288
333	290		290	290
334	288		288	288
335	287		287	287
336	288		288	288
337	289		289	289
338	288		288	288
339	288		288	288
340	289		289	289
341	287		287	287
342	290		290	290
343	289		289	289
344	290		290	290
345	288		288	288
346	287		287	287
347	288		288	288
348	289		289	289
349	288		288	288
350	290		290	290
351	290		290	290
352	288		288	288
353	289		289	289
354	287		287	287
355	288		288	288
356	289		289	289
357	287		287	287
358	289		289	289
359	289		289	289
360	288		288	288
361	288		288	288
362	288		288	288
363	288		288	288
364	290		290	290
365	288		288	288
366	290		290	290
367	290		290	290
368	289		289	289
369	290		290	290
370	290		290	290
371	288		288	288
372	289		289	289
373	289		289	289
374	290		290	290
375	290		290	290
376	288		288	288
377	289		289	289
378	290			290
379	289			289
380	288			288
381	289			289
382	289			289
383	288			288
384	289			289
385	287			287
386	288			288
387	290			290
388	287			287
389	288			288
390	288			288
391	289			289
392	286			286
393	289			289
394	290			290
395	290			290
396	290			290
397	289			289
398	289			289
399	289			289
400	286			286
401	287			287
402	288			288
403	288			288
404	290			290
405	290			290
406	287			287
407	288			288
408	288			288
409	287			287
410	290			290
411	289			289
412	290			290
413	290			290
414	290			290
415	292			292
416	292			292
417	293			293
418	295			295
419	296			296
420	297			297
421	296			296
422	297			297
423	299			299
424	297			297
425	298			298
426	297			297
427	299			299
428	299			299
429	297	297		297
430	300	300		300
431	300	300		300
432	299	299		299
433	300	300		300
434	300	300		300
435	299	299		299
436	301	301		301
437	301	301		301
438	302	302		302
439	302	302		302
440	301	301		301
441	300	300		300
442	304	304		304
443	299	299		299
444	298	298		298
445	299	299		299
446	298	298		298
447	297	297		297
448	295	295		295
449	294	294		294
450	294	294		294
451	292	292		292
452	290	290		290
453	290	290		290
454	290	290		290
455	289	289		289
456	290	290		290
457	290	290		290
458	290	290		290
459	290	290		290
460	290	290		290
461	290	290		290
462	289	289		289
463	290	290		290
464	289	289		289
465	290	290		290
466	290	290		290
467	290	290		290
468	290	290		290
469	290	290		290
470	290	290		290
471	290	290		290
472	290	290		290
473	291	291		291
474	290	290		290
475	291	291		291
476	291	291		291
477	290	290		290
478	290	290		290
479	290	290		290
480	290	290		290
481	288	288		288
482	290	290		290
483	290	290		290
484	288	288		288
485	289	289		289
486	288	288		288
487	289	289		289
488	288	288		288
489	290	290		290
490	290	290		290
491	288	288		288
492	286	286		286
493	286	286		286
494	290	290		290
495	287	287		287
496	288	288		288
497	290	290		290
498	289	289		289
499	288	288		288
500	290	290		290
501	288	288		288
502	288	288		288
503	286	286		286
504	288	288		288
505	288	288		288
506	286	286		286
507	287	287		287
508	287	287		287
509	286	286		286
510	284	284		284
511	285	285		285
512	283	283		283
513	284	284		284
514	283	283		283
515	283	283		283
516	283	283		283
517	281	281		281
518	281	281		281
519	283	283		283
520	282	282		282
521	281	281		281
522	281	281		281
523	281	281		281
524	279	279		279
525	277	277		277
526	281	281		281
527	276	276		276
528	279	279		279
529	277	277		277
530	279	279		279
531	277	277		277
532	276	276		276
533	276	276		276
534	279	279		279
535	276	276		276
536	278	278		278
537	279	279		279
538	279	279		279
539	281	281		281
540	282	282		282
541	283	283		283
542	283	283		283
543	281	281		281
544	282	282		282
545	284	284		284
546	283	283		283
547	284	284		284
548	284	284		284
549	286	286		286
550	285			285
551	286			286
552	286			286
553	288			288
554	287			287
555	286			286
556	288			288
557	290			290
558	288			288
559	289			289
560	287			287
561	288			288
562	288			288
563	290			290
564	288			288
565	289			289
566	290			290
567	288			288
568	288			288
569	288			288
570	290			290
571	288			288
572	290			290
573	288			288
574	288			288
575	287			287
576	290			290
577	287			287
578	288			288
579	288			288
580	289			289
581	287			287
582	288			288
583	288			288
584	290			290
585	290			290
586	289			289
587	290			290
588	289			289
589	287			287
590	288			288
591	288			288
592	290			290
593	288			288
594	288			288
595	288			288
596	290			290
597	290			290
598	289			289
599	289			289
600	289		289	289
601	290		290	290
602	290		290	290
603	290		290	290
604	288		288	288
605	290		290	290
606	290		290	290
607	290		290	290
608	290		290	290
609	290		290	290
610	290		290	290
611	290		290	290
612	290		290	290
613	290		290	290
614	288		288	288
615	288		288	288
616	290		290	290
617	290		290	290
618	290		290	290
619	289		289	289
620	288		288	288
621	288		288	288
622	288		288	288
623	287		287	287
624	289		289	289
625	287		287	287
626	287		287	287
627	287		287	287
628	286		286	286
629	288		288	288
630	286		286	286
631	286		286	286
632	288		288	288
633	286		286	286
634	288		288	288
635	288		288	288
636	288		288	288
637	287		287	287
638	290		290	290
639	288		288	288
640	288		288	288
641	287		287	287
642	289		289	289
643	289		289	289
644	289		289	289
645	289		289	289
646	289		289	289
647	288		288	288
648	290		290	290
649	290		290	290
650	290		290	290
651	289		289	289
652	288		288	288
653	290		290	290
654	290		290	290
655	288		288	288
656	288		288	288
657	289		289	289
658	288		288	288
659	288		288	288
660	290		290	290
661	289		289	289
662	288		288	288
663	289		289	289
664	288		288	288
665	289		289	289
666	288		288	288
667	288		288	288
668	289		289	289
669	288		288	288
670	288		288	288
671	288		288	288
672	288		288	288
673	288		288	288
674	288		288	288
675	288		288	288
676	290		290	290
677	290		290	290
678	288		288	288
679	289		289	289
680	289		289	289
681	290		290	290
682	289		289	289
683	290		290	290
684	289		289	289
685	290		290	290
686	290		290	290
687	290		290	290
688	288		288	288
689	289		289	289
690	290		290	290
691	289		289	289
692	290		290	290
693	290		290	290
694	289		289	289
695	289		289	289
696	289		289	289
697	289		289	289
698	287		287	287
699	288		288	288
700	290		290	290
701	289		289	289
702	290		290	290
703	288		288	288
704	289		289	289
705	290		290	290
706	288		288	288
707	289		289	289
708	290		290	290
709	288		288	288
710	288		288	288
711	287		287	287
712	288		288	288
713	290		290	290
714	290		290	290
715	288		288	288
716	288		288	288
717	289		289	289
718	290		290	290
719	288		288	288
720	288		288	288
721	290		290	290
722	289		289	289
723	289		289	289
724	290		290	290
725	290		290	290
726	289		289	289
727	288		288	288
728	290		290	290
729	289		289	289
730	290		290	290
731	290		290	290
732	290		290	290
733	291		291	291
734	290		290	290
735	290		290	290
736	290		290	290
737	290		290	290
738	289		289	289
739	290		290	290
740	290		290	290
741	290		290	290
742	290		290	290
743	291		291	291
744	290		290	290
745	291		291	291
746	290		290	290
747	290			290
748	290			290
749	290			290
750	290			290
751	291			291
752	290			290
753	290			290
754	290			290
755	290			290
756	290			290
757	288			288
758	291			291
759	288			288
760	288			288
761	289			289
762	290			290
763	289			289
764	290			290
765	290			290
766	290			290
767	289			289
768	289			289
769	292			292
770	289			289
771	290			290
772	290			290
773	289			289
774	290			290
775	290			290
776	290			290
777	290			290
778	289			289
779	290			290
780	290			290
781	289			289
782	291			291
783	292			292
784	294			294
785	293			293
786	296			296
787	296			296
788	296			296
789	297			297
790	297			297
791	299			299
792	297			297
793	300			300
794	298			298
795	300			300
796	301	301		301
797	301	301		301
798	300	300		300
799	302	302		302
800	301	301		301
801	303	303		303
802	302	302		302
803	302	302		302
804	301	301		301
805	302	302		302
806	301	301		301
807	302	302		302
808	302	302		302
809	302	302		302
810	301	301		301
811	302	302		302
812	299	299		299
813	297	297		297
814	297	297		297
815	297	297		297
816	293	293		293
817	296	296		296
818	293	293		293
819	293	293		293
820	293	293		293
821	293	293		293
822	292	292		292
823	292	292		292
824	291	291		291
825	290	290		290
826	290	290		290
827	290	290		290
828	291	291		291
829	292	292		292
830	291	291		291
831	290	290		290
832	291	291		291
833	290	290		290
834	288	288		288
835	290	290		290
836	288	288		288
837	289	289		289
838	289	289		289
839	290	290		290
840	289	289		289
841	290	290		290
842	290	290		290
843	290	290		290
844	291	291		291
845	287	287		287
846	290	290		290
847	287	287		287
848	286	286		286
849	288	288		288
850	288	288		288
851	289	289		289
852	289	289		289
853	289	289		289
854	287	287		287
855	290	290		290
856	288	288		288
857	290	290		290
858	290	290		290
859	289	289		289
860	291	291		291
861	289	289		289
862	291	291		291
863	290	290		290
864	289	289		289
865	290	290		290
866	290	290		290
867	289	289		289
868	287	287		287
869	288	288		288
870	289	289		289
871	288	288		288
872	287	287		287
873	286	286		286
874	286	286		286
875	284	284		284
876	286	286		286
877	284	284		284
878	285	285		285
879	283	283		283
880	283	283		283
881	282	282		282
882	283	283		283
883	281	281		281
884	282	282		282
885	280	280		280
886	282	282		282
887	281	281		281
888	283	283		283
889	279	279		279
890	282	282		282
891	280	280		280
892	279	279		279
893	278	278		278
894	279	279		279
895	278	278		278
896	277	277		277
897	278	278		278
898	277	277		277
899	278	278		278
900	278	278		278
901	279	279		279
902	279	279		279
903	277	277		277
904	279	279		279
905	280	280		280
906	279	279		279
907	281	281		281
908	280	280		280
909	281	281		281
910	283	283		283
911	283	283		283
912	283	283		283
913	283	283		283
914	284	284		284
915	284	284		284
916	284			284
917	283			283
918	285			285
919	285			285
920	286			286
921	286			286
922	287			287
923	287			287
924	288			288
925	287			287
926	286			286
927	287			287
928	287			287
929	287			287
930	288			288
931	288			288
932	287			287
933	286			286
934	287			287
935	285			285
936	286			286
937	286			286
938	287			287
939	288			288
940	288			288
941	286			286
942	286			286
943	287			287
944	287			287
945	286			286
946	285			285
947	286			286
948	286			286
949	289			289
950	286			286
951	289			289
952	287			287
953	287			287
954	287			287
955	286			286
956	288			288
957	286			286
958	288			288
959	288			288
960	288			288
961	287			287
962	287			287
963	288			288
964	288			288
965	288			288
966	288		288	288
967	288		288	288
968	287		287	287
969	289		289	289
970	288		288	288
971	287		287	287
972	289		289	289
973	288		288	288
974	288		288	288
975	289		289	289
976	290		290	290
977	288		288	288
978	288		288	288
979	289		289	289
980	290		290	290
981	290		290	290
982	288		288	288
983	290		290	290
984	289		289	289
985	290		290	290
986	288		288	288
987	287		287	287
988	290		290	290
989	288		288	288
990	288		288	288
991	289		289	289
992	288		288	288
993	290		290	290
994	288		288	288
995	288		288	288
996	289		289	289
997	290		290	290
998	290		290	290
999	290		290	290
1000	291		291	291
1001	290		290	290
1002	290		290	290
1003	288		288	288
1004	288		288	288
1005	288		288	288
1006	290		290	290
1007	290		290	290
1008	288		288	288
1009	290		290	290
1010	290		290	290
1011	290		290	290
1012	290		290	290
1013	290		290	290
1014	288		288	288
1015	290		290	290
1016	290		290	290
1017	288		288	288
1018	288		288	288
1019	288		288	288
1020	288		288	288
1021	287		287	287
1022	288		288	288
1023	288		288	288
1024	286		286	286
1025	289		289	289
1026	288		288	288
1027	288		288	288
1028	288		288	288
1029	287		287	287
1030	288		288	288
1031	287		287	287
1032	290		290	290
1033	288		288	288
1034	287		287	287
1035	287		287	287
1036	287		287	287
1037	289		289	289
1038	289		289	289
1039	287		287	287
1040	290		290	290
1041	287		287	287
1042	290		290	290
1043	288		288	288
1044	287		287	287
1045	288		288	288
1046	287		287	287
1047	287		287	287
1048	288		288	288
1049	289		289	289
1050	289		289	289
1051	289		289	289
1052	290		290	290
1053	289		289	289
1054	290		290	290
1055	289		289	289
1056	289		289	289
1057	286		286	286
1058	288		288	288
1059	286		286	286
1060	286		286	286
1061	287		287	287
1062	287		287	287
1063	288		288	288
1064	288		288	288
1065	288		288	288
1066	287		287	287
1067	287		287	287
1068	289		289	289
1069	290		290	290
1070	287		287	287
1071	287		287	287
1072	286		286	286
1073	286		286	286
1074	288		288	288
1075	286		286	286
1076	288		288	288
1077	286		286	286
1078	288		288	288
1079	287		287	287
1080	287		287	287
1081	290		290	290
1082	288		288	288
1083	289		289	289
1084	289		289	289
1085	290		290	290
1086	288		288	288
1087	287		287	287
1088	287		287	287
1089	285		285	285
1090	287		287	287
1091	289		289	289
1092	288		288	288
1093	288		288	288
1094	290		290	290
1095	290		290	290
1096	288		288	288
1097	288		288	288
1098	290		290	290
1099	288		288	288
1100	288		288	288
1101	287		287	287
1102	290		290	290
1103	290		290	290
1104	290		290	290
1105	290		290	290
1106	289		289	289
1107	290		290	290
1108	290		290	290
1109	290		290	290
1110	290		290	290
1111	290		290	290
1112	290		290	290
1113	290		290	290
1114	290		290	290
1115	288		288	288
1116	290		290	290
1117	290			290
1118	290			290
1119	290			290
1120	290			290
1121	290			290
1122	290			290
1123	290			290
1124	289			289
1125	290			290
1126	290			290
1127	289			289
1128	289			289
1129	290			290
1130	288			288
1131	289			289
1132	289			289
1133	290			290
1134	288			288
1135	288			288
1136	290			290
1137	288			288
1138	288			288
1139	289			289
1140	289			289
1141	289			289
1142	290			290
1143	289			289
1144	290			290
1145	289			289
1146	291			291
1147	290			290
1148	290			290
1149	290			290
1150	290			290
1151	289			289
1152	291			291
1153	294			294
1154	292			292
1155	296			296
1156	296			296
1157	297			297
1158	297			297
1159	297			297
1160	298			298
1161	297			297
1162	299			299
1163	300			300
1164	300			300
1165	302			302
1166	300	300		300
1167	299	299		299
1168	301	301		301
1169	302	302		302
1170	301	301		301
1171	302	302		302
1172	301	301		301
1173	301	301		301
1174	302	302		302
1175	301	301		301
1176	300	300		300
1177	300	300		300
1178	301	301		301
1179	298	298		298
1180	297	297		297
1181	297	297		297
1182	297	297		297
1183	296	296		296
1184	294	294		294
1185	294	294		294
1186	293	293		293
1187	293	293		293
1188	292	292		292
1189	292	292		292
1190	292	292		292
1191	291	291		291
1192	291	291		291
1193	293	293		293
1194	292	292		292
1195	290	290		290
1196	290	290		290
1197	292	292		292
1198	290	290		290
1199	290	290		290
1200	290	290		290
1201	290	290		290
1202	288	288		288
1203	289	289		289
1204	290	290		290
1205	290	290		290
1206	290	290		290
1207	290	290		290
1208	290	290		290
1209	290	290		290
1210	289	289		289
1211	290	290		290
1212	290	290		290
1213	289	289		289
1214	290	290		290
1215	288	288		288
1216	290	290		290
1217	289	289		289
1218	290	290		290
1219	290	290		290
1220	290	290		290
1221	289	289		289
1222	290	290		290
1223	290	290		290
1224	288	288		288
1225	288	288		288
1226	288	288		288
1227	290	290		290
1228	288	288		288
1229	290	290		290
1230	288	288		288
1231	288	288		288
1232	288	288		288
1233	289	289		289
1234	289	289		289
1235	290	290		290
1236	290	290		290
1237	290	290		290
1238	290	290		290
1239	290	290		290
1240	290	290		290
1241	289	289		289
1242	288	288		288
1243	288	288		288
1244	286	286		286
1245	285	285		285
1246	285	285		285
1247	284	284		284
1248	285	285		285
1249	284	284		284
1250	284	284		284
1251	283	283		283
1252	284	284		284
1253	284	284		284
1254	282	282		282
1255	281	281		281
1256	279	279		279
1257	279	279		279
1258	280	280		280
1259	281	281		281
1260	281	281		281
1261	280	280		280
1262	280	280		280
1263	281	281		281
1264	280	280		280
1265	281	281		281
1266	278	278		278
1267	279	279		279
1268	279	279		279
1269	277	277		277
1270	279	279		279
1271	278	278		278
1272	278	278		278
1273	282	282		282
1274	279	279		279
1275	280	280		280
1276	280	280		280
1277	283	283		283
1278	282	282		282
1279	283	283		283
1280	283	283		283
1281	282	282		282
1282	283	283		283
1283	282	282		282
1284	283	283		283
1285	284	284		284
1286	284	284		284
1287	285	285		285
1288	285	285		285
1289	285			285
1290	285			285
1291	285			285
1292	287			287
1293	288			288
1294	287			287
1295	288			288
1296	288			288
1297	288			288
1298	287			287
1299	287			287
1300	287			287
1301	288			288
1302	286			286
1303	290			290
1304	287			287
1305	290			290
1306	288			288
1307	288			288
1308	288			288
1309	289			289
1310	287			287
1311	290			290
1312	291			291
1313	290			290
1314	290			290
1315	289			289
1316	289			289
1317	289			289
1318	288			288
1319	288			288
1320	290			290
1321	289			289
1322	287			287
1323	287			287
1324	288			288
1325	288			288
1326	289			289
1327	288			288
1328	289			289
1329	290			290
1330	289			289
1331	288			288
1332	287			287
1333	289			289
1334	288			288
1335	290			290
1336	289			289
1337	290			290
1338	288		288	288
1339	288		288	288
1340	290		290	290
1341	290		290	290
1342	289		289	289
1343	288		288	288
1344	288		288	288
1345	288		288	288
1346	290		290	290
1347	290		290	290
1348	290		290	290
1349	288		288	288
1350	288		288	288
1351	288		288	288
1352	290		290	290
1353	288		288	288
1354	288		288	288
1355	288		288	288
1356	288		288	288
1357	288		288	288
1358	288		288	288
1359	288		288	288
1360	287		287	287
1361	287		287	287
1362	286		286	286
1363	288		288	288
1364	290		290	290
1365	289		289	289
1366	290		290	290
1367	290		290	290
1368	290		290	290
1369	290		290	290
1370	290		290	290
1371	290		290	290
1372	291		291	291
1373	290		290	290
1374	290		290	290
1375	290		290	290
1376	291		291	291
1377	290		290	290
1378	290		290	290
1379	288		288	288
1380	290		290	290
1381	290		290	290
1382	288		288	288
1383	288		288	288
1384	288		288	288
1385	288		288	288
1386	288		288	288
1387	289		289	289
1388	290		290	290
1389	290		290	290
1390	290		290	290
1391	288		288	288
1392	289		289	289
1393	290		290	290
1394	289		289	289
1395	288		288	288
1396	289		289	289
1397	289		289	289
1398	290		290	290
1399	288		288	288
1400	290		290	290
1401	288		288	288
1402	290		290	290
1403	289		289	289
1404	289		289	289
1405	290		290	290
1406	291		291	291
1407	290		290	290
1408	289		289	289
1409	290		290	290
1410	290		290	290
1411	289		289	289
1412	291		291	291
1413	291		291	291
1414	290		290	290
1415	290		290	290
1416	290		290	290
1417	290		290	290
1418	290		290	290
1419	289		289	289
1420	291		291	291
1421	291		291	291
1422	290		290	290
1423	290		290	290
1424	291		291	291
1425	290		290	290
1426	290		290	290
1427	290		290	290
1428	290		290	290
1429	290		290	290
1430	290		290	290
1431	290		290	290
1432	290		290	290
1433	290		290	290
1434	290		290	290
1435	288		288	288
1436	290		290	290
1437	288		288	288
1438	289		289	289
1439	288		288	288
1440	289		289	289
1441	289		289	289
1442	287		287	287
1443	288		288	288
1444	287		287	287
1445	289		289	289
1446	288		288	288
1447	288		288	288
1448	288		288	288
1449	289		289	289
1450	289		289	289
1451	290		290	290
1452	288		288	288
1453	288		288	288
1454	290		290	290
1455	287		287	287
1456	288		288	288
1457	289		289	289
1458	289		289	289
1459	290		290	290
1460	288		288	288
1461	286		286	286
1462	287		287	287
1463	288		288	288
1464	288		288	288
1465	288		288	288
1466	290		290	290
1467	288		288	288
1468	289		289	289
1469	288		288	288
1470	290		290	290
1471	286		286	286
1472	288		288	288
1473	288		288	288
1474	288		288	288
1475	289		289	289
1476	286		286	286
1477	288		288	288
1478	288		288	288
1479	288		288	288
1480	288		288	288
1481	290		290	290
1482	289		289	289
1483	289		289	289
1484	290		290	290
1485	289			289
1486	289			289
1487	288			288
1488	290			290
1489	289			289
1490	291			291
1491	290			290
1492	290			290
1493	289			289
1494	290			290
1495	290			290
1496	290			290
1497	289			289
1498	290			290
1499	288			288
1500	288			288
1501	290			290
1502	288			288
1503	289			289
1504	289			289
1505	288			288
1506	290			290
1507	289			289
1508	288			288
1509	289			289
1510	289			289
1511	289			289
1512	287			287
1513	289			289
1514	288			288
1515	288			288
1516	288			288
1517	290			290
1518	291			291
1519	289			289
1520	291			291
1521	291			291
1522	291			291
1523	293			293
1524	293			293
1525	295			295
1526	297			297
1527	296			296
1528	297			297
1529	297			297
1530	296			296
1531	298			298
1532	298			298
1533	299			299
1534	301	301		301
1535	299	299		299
1536	299	299		299
1537	300	300		300
1538	299	299		299
1539	300	300		300
1540	302	302		302
1541	301	301		301
1542	302	302		302
1543	302	302		302
1544	302	302		302
1545	302	302		302
1546	303	303		303
1547	301	301		301
1548	302	302		302
1549	301	301		301
1550	298	298		298
1551	296	296		296
1552	298	298		298
1553	296	296		296
1554	297	297		297
1555	295	295		295
1556	297	297		297
1557	293	293		293
1558	291	291		291
1559	291	291		291
1560	292	292		292
1561	292	292		292
1562	291	291		291
1563	290	290		290
1564	290	290		290
1565	290	290		290
1566	289	289		289
1567	290	290		290
1568	289	289		289
1569	290	290		290
1570	290	290		290
1571	291	291		291
1572	291	291		291
1573	289	289		289
1574	290	290		290
1575	290	290		290
1576	291	291		291
1577	289	289		289
1578	290	290		290
1579	290	290		290
1580	290	290		290
1581	290	290		290
1582	290	290		290
1583	290	290		290
1584	289	289		289
1585	290	290		290
1586	290	290		290
1587	290	290		290
1588	290	290		290
1589	290	290		290
1590	290	290		290
1591	290	290		290
1592	288	288		288
1593	289	289		289
1594	288	288		288
1595	289	289		289
1596	290	290		290
1597	289	289		289
1598	289	289		289
1599	288	288		288
1600	290	290		290
1601	289	289		289
1602	290	290		290
1603	290	290		290
1604	291	291		291
1605	290	290		290
1606	290	290		290
1607	291	291		291
1608	290	290		290
1609	288	288		288
1610	289	289		289
1611	286	286		286
1612	287	287		287
1613	284	284		284
1614	283	283		283
1615	286	286		286
1616	286	286		286
1617	284	284		284
1618	285	285		285
1619	284	284		284
1620	282	282		282
1621	283	283		283
1622	281	281		281
1623	281	281		281
1624	279	279		279
1625	281	281		281
1626	281	281		281
1627	279	279		279
1628	279	279		279
1629	279	279		279
1630	279	279		279
1631	279	279		279
1632	279	279		279
1633	278	278		278
1634	280	280		280
1635	276	276		276
1636	279	279		279
1637	278	278		278
1638	278	278		278
1639	281	281		281
1640	277	277		277
1641	278	278		278
1642	278	278		278
1643	280	280		280
1644	281	281		281
1645	282	282		282
1646	282	282		282
1647	283	283		283
1648	285	285		285
1649	283	283		283
1650	284	284		284
1651	284			284
1652	285			285
1653	286			286
1654	285			285
1655	286			286
1656	286			286
1657	285			285
1658	285			285
1659	285			285
1660	285			285
1661	286			286
1662	288			288
1663	286			286
1664	289			289
1665	286			286
1666	286			286
1667	287			287
1668	286			286
1669	287			287
1670	287			287
1671	288			288
1672	289			289
1673	287			287
1674	288			288
1675	289			289
1676	289			289
1677	291			291
1678	290			290
1679	289			289
1680	288			288
1681	290			290
1682	288			288
1683	290			290
1684	291			291
1685	290			290
1686	290			290
1687	290			290
1688	290			290
1689	290			290
1690	290			290
1691	290			290
1692	290			290
1693	291			291
1694	290			290
1695	291			291
1696	291			291
1697	290			290
1698	290			290
1699	290			290
1700	290			290
1701	290			290
1702	291		291	291
1703	290		290	290
1704	290		290	290
1705	290		290	290
1706	290		290	290
1707	290		290	290
1708	290		290	290
1709	290		290	290
1710	290		290	290
1711	290		290	290
1712	290		290	290
1713	290		290	290
1714	289		289	289
1715	288		288	288
1716	290		290	290
1717	290		290	290
1718	290		290	290
1719	289		289	289
1720	288		288	288
1721	290		290	290
1722	290		290	290
1723	289		289	289
1724	290		290	290
1725	290		290	290
1726	289		289	289
1727	288		288	288
1728	289		289	289
1729	287		287	287
1730	287		287	287
1731	287		287	287
1732	288		288	288
1733	289		289	289
1734	290		290	290
1735	288		288	288
1736	287		287	287
1737	288		288	288
1738	288		288	288
1739	288		288	288
1740	288		288	288
1741	288		288	288
1742	289		289	289
1743	289		289	289
1744	288		288	288
1745	288		288	288
1746	288		288	288
1747	287		287	287
1748	289		289	289
1749	289		289	289
1750	288		288	288
1751	287		287	287
1752	289		289	289
1753	289		289	289
1754	290		290	290
1755	288		288	288
1756	289		289	289
1757	290		290	290
1758	290		290	290
1759	290		290	290
1760	289		289	289
1761	289		289	289
1762	289		289	289
1763	290		290	290
1764	290		290	290
1765	290		290	290
1766	290		290	290
1767	290		290	290
1768	290		290	290
1769	290		290	290
1770	290		290	290
1771	290		290	290
1772	289		289	289
1773	287		287	287
1774	288		288	288
1775	289		289	289
1776	288		288	288
1777	288		288	288
1778	287		287	287
1779	287		287	287
1780	288		288	288
1781	287		287	287
1782	288		288	288
1783	287		287	287
1784	286		286	286
1785	288		288	288
1786	287		287	287
1787	287		287	287
1788	289		289	289
1789	288		288	288
1790	287		287	287
1791	288		288	288
1792	287		287	287
1793	290		290	290
1794	288		288	288
1795	288		288	288
1796	286		286	286
1797	287		287	287
1798	288		288	288
1799	288		288	288
1800	287		287	287
1801	287		287	287
1802	288		288	288
1803	286		286	286
1804	288		288	288
1805	286		286	286
1806	285		285	285
1807	285		285	285
1808	287		287	287
1809	287		287	287
1810	287		287	287
1811	288		288	288
1812	288		288	288
1813	287		287	287
1814	288		288	288
1815	288		288	288
1816	286		286	286
1817	288		288	288
1818	287		287	287
1819	286		286	286
1820	289		289	289
1821	288		288	288
1822	288		288	288
1823	289		289	289
1824	290		290	290
1825	290		290	290
1826	290		290	290
1827	288		288	288
1828	289		289	289
1829	288		288	288
1830	288		288	288
1831	288		288	288
1832	289		289	289
1833	289		289	289
1834	288		288	288
1835	289		289	289
1836	288		288	288
1837	288		288	288
1838	288		288	288
1839	288		288	288
1840	288		288	288
1841	287		287	287
1842	287		287	287
1843	288		288	288
1844	286		286	286
1845	289		289	289
1846	287		287	287
1847	288		288	288
1848	288		288	288
1849	285		285	285
1850	286		286	286
1851	286		286	286
1852	287		287	287
1853	286			286
1854	287			287
1855	288			288
1856	289			289
1857	288			288
1858	288			288
1859	287			287
1860	288			288
1861	288			288
1862	288			288
1863	287			287
1864	288			288
1865	288			288
1866	287			287
1867	288			288
1868	287			287
1869	287			287
1870	289			289
1871	289			289
1872	290			290
1873	290			290
1874	290			290
1875	289			289
1876	290			290
1877	290			290
1878	290			290
1879	290			290
1880	289			289
1881	290			290
1882	289			289
1883	288			288
1884	288			288
1885	289			289
1886	289			289
1887	289			289
1888	290			290
1889	292			292
1890	291			291
1891	293			293
1892	294			294
1893	296			296
1894	296			296
1895	297			297
1896	296			296
1897	299			299
1898	299			299
1899	299			299
1900	301			301
1901	302			302
1902	301			301
1903	301	301		301
1904	302	302		302
1905	302	302		302
1906	302	302		302
1907	304	304		304
1908	302	302		302
1909	302	302		302
1910	304	304		304
1911	304	304		304
1912	304	304		304
1913	303	303		303
1914	302	302		302
1915	302	302		302
1916	304	304		304
1917	301	301		301
1918	299	299		299
1919	299	299		299
1920	297	297		297
1921	296	296		296
1922	297	297		297
1923	295	295		295
1924	296	296		296
1925	296	296		296
1926	293	293		293
1927	292	292		292
1928	291	291		291
1929	291	291		291
1930	291	291		291
1931	290	290		290
1932	291	291		291
1933	290	290		290
1934	290	290		290
1935	291	291		291
1936	291	291		291
1937	290	290		290
1938	290	290		290
1939	290	290		290
1940	289	289		289
1941	288	288		288
1942	290	290		290
1943	288	288		288
1944	287	287		287
1945	288	288		288
1946	290	290		290
1947	289	289		289
1948	289	289		289
1949	288	288		288
1950	287	287		287
1951	287	287		287
1952	286	286		286
1953	287	287		287
1954	289	289		289
1955	287	287		287
1956	288	288		288
1957	289	289		289
1958	287	287		287
1959	288	288		288
1960	288	288		288
1961	289	289		289
1962	289	289		289
1963	288	288		288
1964	290	290		290
1965	286	286		286
1966	289	289		289
1967	290	290		290
1968	288	288		288
1969	289	289		289
1970	286	286		286
1971	287	287		287
1972	286	286		286
1973	288	288		288
1974	287	287		287
1975	286	286		286
1976	287	287		287
1977	287	287		287
1978	287	287		287
1979	285	285		285
1980	285	285		285
1981	286	286		286
1982	283	283		283
1983	283	283		283
1984	281	281		281
1985	283	283		283
1986	283	283		283
1987	282	282		282
1988	281	281		281
1989	280	280		280
1990	280	280		280
1991	279	279		279
1992	279	279		279
1993	279	279		279
1994	279	279		279
1995	278	278		278
1996	280	280		280
1997	279	279		279
1998	280	280		280
1999	279	279		279
2000	279	279		279
2001	279	279		279
2002	277	277		277
2003	277	277		277
2004	277	277		277
2005	277	277		277
2006	275	275		275
2007	278	278		278
2008	276	276		276
2009	278	278		278
2010	277	277		277
2011	279	279		279
2012	279	279		279
2013	281	281		281
2014	281	281		281
2015	282	282		282
2016	284	284		284
2017	283	283		283
2018	283	283		283
2019	282	282		282
2020	284	284		284
2021	285	285		285
2022	285	285		285
2023	283	283		283
2024	284	284		284
2025	284			284
2026	285			285
2027	285			285
2028	285			285
2029	284	284		284
2030	287	287		287
2031	286			286
2032	285			285
2033	287			287
2034	286			286
2035	288			288
2036	286			286
2037	288			288
2038	287			287
2039	287			287
2040	286			286
2041	288			288
2042	288			288
2043	288			288
2044	289			289
2045	290			290
2046	289			289
2047	290			290
2048	290			290
2049	290			290
2050	288			288
2051	288			288
2052	290			290
2053	288			288
2054	290			290
2055	288			288
2056	290			290
2057	290			290
2058	291			291
2059	289			289
2060	288			288
2061	290			290
2062	289			289
2063	289			289
2064	290			290
2065	290			290
2066	289			289
2067	289			289
2068	290			290
2069	290			290
2070	289			289
2071	288			288
2072	288			288
2073	290			290
2074	290			290
2075	288			288
2076	288		288	288
2077	290		290	290
2078	290		290	290
2079	290		290	290
2080	288		288	288
2081	288		288	288
2082	289		289	289
2083	288		288	288
2084	287		287	287
2085	288		288	288
2086	288		288	288
2087	288		288	288
2088	288		288	288
2089	288		288	288
2090	289		289	289
2091	288		288	288
2092	289		289	289
2093	290		290	290
2094	290		290	290
2095	290		290	290
2096	289		289	289
2097	290		290	290
2098	290		290	290
2099	288		288	288
2100	288		288	288
2101	290		290	290
2102	290		290	290
2103	288		288	288
2104	291		291	291
2105	290		290	290
2106	291		291	291
2107	290		290	290
2108	289		289	289
2109	290		290	290
2110	290		290	290
2111	288		288	288
2112	290		290	290
2113	290		290	290
2114	289		289	289
2115	288		288	288
2116	289		289	289
2117	290		290	290
2118	288		288	288
2119	290		290	290
2120	288		288	288
2121	290		290	290
2122	288		288	288
2123	290		290	290
2124	290		290	290
2125	288		288	288
2126	289		289	289
2127	287		287	287
2128	290		290	290
2129	288		288	288
2130	290		290	290
2131	288		288	288
2132	290		290	290
2133	290		290	290
2134	290		290	290
2135	288		288	288
2136	288		288	288
2137	290		290	290
2138	290		290	290
2139	290		290	290
2140	291		291	291
2141	290		290	290
2142	290		290	290
2143	290		290	290
2144	290		290	290
2145	290		290	290
2146	290		290	290
2147	290		290	290
2148	289		289	289
2149	290		290	290
2150	290		290	290
2151	290		290	290
2152	290		290	290
2153	290		290	290
2154	289		289	289
2155	290		290	290
2156	290		290	290
2157	290		290	290
2158	290		290	290
2159	288		288	288
2160	288		288	288
2161	289		289	289
2162	288		288	288
2163	288		288	288
2164	290		290	290
2165	288		288	288
2166	288		288	288
2167	290		290	290
2168	290		290	290
2169	288		288	288
2170	288		288	288
2171	290		290	290
2172	290		290	290
2173	290		290	290
2174	290		290	290
2175	290		290	290
2176	289		289	289
2177	290		290	290
2178	290		290	290
2179	290		290	290
2180	290		290	290
2181	291		291	291
2182	290		290	290
2183	290		290	290
2184	290		290	290
2185	290		290	290
2186	291		291	291
2187	290		290	290
2188	290		290	290
2189	290		290	290
2190	290		290	290
2191	290		290	290
2192	290		290	290
2193	290		290	290
2194	290		290	290
2195	289		289	289
2196	292		292	292
2197	289		289	289
2198	290		290	290
2199	289		289	289
2200	288		288	288
2201	289		289	289
2202	290		290	290
2203	289		289	289
2204	290		290	290
2205	288		288	288
2206	288		288	288
2207	288		288	288
2208	290		290	290
2209	289		289	289
2210	289		289	289
2211	289		289	289
2212	289		289	289
2213	290		290	290
2214	288		288	288
2215	288		288	288
2216	290		290	290
2217	290		290	290
2218	288		288	288
2219	290		290	290
2220	289		289	289
2221	288		288	288
2222	290		290	290
2223	288			288
2224	290			290
2225	289			289
2226	288			288
2227	289			289
2228	288			288
2229	288			288
2230	288			288
2231	290			290
2232	289			289
2233	288			288
2234	288			288
2235	290			290
2236	289			289
2237	289			289
2238	290			290
2239	287			287
2240	288			288
2241	288			288
2242	288			288
2243	289			289
2244	288			288
2245	288			288
2246	288			288
2247	290			290
2248	290			290
2249	289			289
2250	290			290
2251	290			290
2252	290			290
2253	289			289
2254	290			290
2255	290			290
2256	290			290
2257	290			290
2258	293			293
2259	293			293
2260	291			291
2261	294			294
2262	293			293
2263	296			296
2264	296			296
2265	296			296
2266	297			297
2267	299			299
2268	299			299
2269	300			300
2270	299			299
2271	299			299
2272	298	298		298
2273	297	297		297
2274	299	299		299
2275	299	299		299
2276	300	300		300
2277	299	299		299
2278	300	300		300
2279	300	300		300
2280	300	300		300
2281	301	301		301
2282	300	300		300
2283	301	301		301
2284	299	299		299
2285	300	300		300
2286	301	301		301
2287	298	298		298
2288	297	297		297
2289	298	298		298
2290	296	296		296
2291	296	296		296
2292	293	293		293
2293	294	294		294
2294	293	293		293
2295	293	293		293
2296	293	293		293
2297	293	293		293
2298	292	292		292
2299	293	293		293
2300	291	291		291
2301	291	291		291
2302	290	290		290
2303	291	291		291
2304	290	290		290
2305	291	291		291
2306	290	290		290
2307	291	291		291
2308	290	290		290
2309	290	290		290
2310	290	290		290
2311	290	290		290
2312	290	290		290
2313	290	290		290
2314	291	291		291
2315	290	290		290
2316	289	289		289
2317	290	290		290
2318	289	289		289
2319	288	288		288
2320	289	289		289
2321	290	290		290
2322	290	290		290
2323	290	290		290
2324	289	289		289
2325	290	290		290
2326	290	290		290
2327	291	291		291
2328	291	291		291
2329	290	290		290
2330	290	290		290
2331	289	289		289
2332	291	291		291
2333	291	291		291
2334	290	290		290
2335	290	290		290
2336	289	289		289
2337	290	290		290
2338	289	289		289
2339	290	290		290
2340	290	290		290
2341	290	290		290
2342	289	289		289
2343	291	291		291
2344	290	290		290
2345	288	288		288
2346	288	288		288
2347	290	290		290
2348	287	287		287
2349	287	287		287
2350	285	285		285
2351	284	284		284
2352	286	286		286
2353	283	283		283
2354	284	284		284
2355	285	285		285
2356	284	284		284
2357	282	282		282
2358	282	282		282
2359	282	282		282
2360	280	280		280
2361	281	281		281
2362	281	281		281
2363	280	280		280
2364	281	281		281
2365	281	281		281
2366	281	281		281
2367	279	279		279
2368	279	279		279
2369	278	278		278
2370	278	278		278
2371	277	277		277
2372	276	276		276
2373	276	276		276
2374	276	276		276
2375	277	277		277
2376	276	276		276
2377	277	277		277
2378	276	276		276
2379	276	276		276
2380	279	279		279
2381	279	279		279
2382	279	279		279
2383	279	279		279
2384	281	281		281
2385	283	283		283
2386	283	283		283
2387	283	283		283
2388	285	285		285
2389	285	285		285
2390	284	284		284
2391	285	285		285
2392	286			286
2393	286	286		286
2394	286	286		286
2395	288			288
2396	286			286
2397	287			287
2398	288			288
2399	287			287
2400	286			286
2401	290			290
2402	287			287
2403	288			288
2404	288			288
2405	288			288
2406	288			288
2407	289			289
2408	289			289
2409	289			289
2410	289			289
2411	290			290
2412	290			290
2413	290			290
2414	289			289
2415	290			290
2416	290			290
2417	292			292
2418	290			290
2419	289			289
2420	290			290
2421	291			291
2422	290			290
2423	291			291
2424	291			291
2425	288			288
2426	290			290
2427	290			290
2428	290			290
2429	290			290
2430	290			290
2431	291			291
2432	289			289
2433	290			290
2434	290			290
2435	290			290
2436	290			290
2437	289			289
2438	289			289
2439	289			289
2440	288			288
2441	290			290
2442	288			288
2443	289		289	289
2444	290		290	290
2445	290		290	290
2446	289		289	289
2447	290		290	290
2448	289		289	289
2449	288		288	288
2450	288		288	288
2451	290		290	290
2452	290		290	290
2453	288		288	288
2454	288		288	288
2455	288		288	288
2456	290		290	290
2457	288		288	288
2458	288		288	288
2459	288		288	288
2460	288		288	288
2461	288		288	288
2462	289		289	289
2463	289		289	289
2464	290		290	290
2465	290		290	290
2466	290		290	290
2467	291		291	291
2468	290		290	290
2469	289		289	289
2470	290		290	290
2471	291		291	291
2472	290		290	290
2473	290		290	290
2474	290		290	290
2475	290		290	290
2476	290		290	290
2477	290		290	290
2478	290		290	290
2479	290		290	290
2480	290		290	290
2481	290		290	290
2482	290		290	290
2483	289		289	289
2484	289		289	289
2485	290		290	290
2486	290		290	290
2487	290		290	290
2488	290		290	290
2489	290		290	290
2490	289		289	289
2491	290		290	290
2492	289		289	289
2493	290		290	290
2494	290		290	290
2495	289		289	289
2496	287		287	287
2497	288		288	288
2498	289		289	289
2499	288		288	288
2500	289		289	289
2501	290		290	290
2502	289		289	289
2503	287		287	287
2504	287		287	287
2505	289		289	289
2506	289		289	289
2507	290		290	290
2508	289		289	289
2509	287		287	287
2510	288		288	288
2511	290		290	290
2512	289		289	289
2513	290		290	290
2514	288		288	288
2515	290		290	290
2516	290		290	290
2517	290		290	290
2518	290		290	290
2519	289		289	289
2520	290		290	290
2521	289		289	289
2522	290		290	290
2523	290		290	290
2524	290		290	290
2525	290		290	290
2526	290		290	290
2527	291		291	291
2528	290		290	290
2529	289		289	289
2530	289		289	289
2531	288		288	288
2532	290		290	290
2533	289		289	289
2534	291		291	291
2535	289		289	289
2536	290		290	290
2537	289		289	289
2538	289		289	289
2539	289		289	289
2540	290		290	290
2541	288		288	288
2542	288		288	288
2543	290		290	290
2544	290		290	290
2545	290		290	290
2546	290		290	290
2547	288		288	288
2548	290		290	290
2549	289		289	289
2550	290		290	290
2551	290		290	290
2552	289		289	289
2553	288		288	288
2554	289		289	289
2555	287		287	287
2556	288		288	288
2557	290		290	290
2558	290		290	290
2559	288		288	288
2560	289		289	289
2561	290		290	290
2562	288		288	288
2563	288		288	288
2564	288		288	288
2565	288		288	288
2566	288		288	288
2567	288		288	288
2568	287		287	287
2569	288		288	288
2570	286		286	286
2571	288		288	288
2572	287		287	287
2573	287		287	287
2574	287		287	287
2575	288		288	288
2576	288		288	288
2577	288		288	288
2578	290		290	290
2579	290		290	290
2580	288		288	288
2581	290		290	290
2582	289		289	289
2583	289		289	289
2584	289		289	289
2585	288		288	288
2586	290		290	290
2587	288		288	288
2588	289		289	289
2589	288		288	288
2590	288		288	288
2591	288		288	288
2592	288			288
2593	288			288
2594	290			290
2595	289			289
2596	289			289
2597	288			288
2598	288			288
2599	290			290
2600	289			289
2601	288			288
2602	290			290
2603	288			288
2604	290			290
2605	289			289
2606	289			289
2607	290			290
2608	289			289
2609	288			288
2610	289			289
2611	288			288
2612	288			288
2613	290			290
2614	290			290
2615	290			290
2616	290			290
2617	289			289
2618	290			290
2619	290			290
2620	290			290
2621	288			288
2622	288			288
2623	289			289
2624	290			290
2625	291			291
2626	291			291
2627	291			291
2628	293			293
2629	294			294
2630	294			294
2631	296			296
2632	297			297
2633	296			296
2634	296			296
2635	297			297
2636	298			298
2637	299			299
2638	297			297
2639	298			298
2640	300			300
2641	300	300		300
2642	299	299		299
2643	302	302		302
2644	302	302		302
2645	302	302		302
2646	304	304		304
2647	303	303		303
2648	303	303		303
2649	303	303		303
2650	302	302		302
2651	302	302		302
2652	302	302		302
2653	302	302		302
2654	300	300		300
2655	300	300		300
2656	301	301		301
2657	298	298		298
2658	299	299		299
2659	296	296		296
2660	297	297		297
2661	298	298		298
2662	295	295		295
2663	294	294		294
2664	293	293		293
2665	293	293		293
2666	294	294		294
2667	291	291		291
2668	292	292		292
2669	292	292		292
2670	293	293		293
2671	292	292		292
2672	293	293		293
2673	290	290		290
2674	292	292		292
2675	290	290		290
2676	291	291		291
2677	290	290		290
2678	290	290		290
2679	290	290		290
2680	290	290		290
2681	289	289		289
2682	290	290		290
2683	290	290		290
2684	290	290		290
2685	290	290		290
2686	290	290		290
2687	289	289		289
2688	290	290		290
2689	289	289		289
2690	290	290		290
2691	290	290		290
2692	289	289		289
2693	289	289		289
2694	290	290		290
2695	290	290		290
2696	290	290		290
2697	289	289		289
2698	290	290		290
2699	290	290		290
2700	289	289		289
2701	290	290		290
2702	290	290		290
2703	290	290		290
2704	288	288		288
2705	290	290		290
2706	287	287		287
2707	288	288		288
2708	288	288		288
2709	287	287		287
2710	287	287		287
2711	288	288		288
2712	290	290		290
2713	289	289		289
2714	289	289		289
2715	287	287		287
2716	286	286		286
2717	286	286		286
2718	285	285		285
2719	284	284		284
2720	284	284		284
2721	283	283		283
2722	285	285		285
2723	284	284		284
2724	281	281		281
2725	282	282		282
2726	282	282		282
2727	281	281		281
2728	282	282		282
2729	280	280		280
2730	281	281		281
2731	279	279		279
2732	281	281		281
2733	279	279		279
2734	279	279		279
2735	279	279		279
2736	279	279		279
2737	279	279		279
2738	278	278		278
2739	277	277		277
2740	280	280		280
2741	279	279		279
2742	279	279		279
2743	279	279		279
2744	278	278		278
2745	277	277		277
2746	278	278		278
2747	277	277		277
2748	279	279		279
2749	280	280		280
2750	280	280		280
2751	281	281		281
2752	283	283		283
2753	282	282		282
2754	283	283		283
2755	281	281		281
2756	283	283		283
2757	282	282		282
2758	282	282		282
2759	283	283		283
2760	283	283		283
2761	281	281		281
2762	282	282		282
2763	282	282		282
2764	283	283		283
2765	284	284		284
2766	283	283		283
2767	284	284		284
2768	285	285		285
2769	285	285		285
2770	283	283		283
2771	286	286		286
2772	283	283		283
2773	285	285		285
2774	284	284		284
2775	286			286
2776	286			286
2777	287			287
2778	288			288
2779	286			286
2780	287			287
2781	288			288
2782	286			286
2783	286			286
2784	286			286
2785	287			287
2786	288			288
2787	286			286
2788	284			284
2789	285			285
2790	287			287
2791	285			285
2792	285			285
2793	286			286
2794	286			286
2795	287			287
2796	286			286
2797	287			287
2798	286			286
2799	288			288
2800	288			288
2801	287			287
2802	288			288
2803	290			290
2804	289			289
2805	290			290
2806	290			290
2807	289			289
2808	290			290
2809	288			288
2810	287			287
2811	287			287
2812	289			289
2813	286			286
2814	288			288
2815	286			286
2816	288			288
2817	287			287
2818	287			287
2819	287			287
2820	288			288
2821	289			289
2822	288		288	288
2823	290		290	290
2824	290		290	290
2825	289		289	289
2826	290		290	290
2827	290		290	290
2828	290		290	290
2829	289		289	289
2830	292		292	292
2831	290		290	290
2832	290		290	290
2833	288		288	288
2834	290		290	290
2835	290		290	290
2836	289		289	289
2837	290		290	290
2838	288		288	288
2839	289		289	289
2840	288		288	288
2841	288		288	288
2842	288		288	288
2843	289		289	289
2844	290		290	290
2845	290		290	290
2846	290		290	290
2847	290		290	290
2848	289		289	289
2849	290		290	290
2850	289		289	289
2851	289		289	289
2852	288		288	288
2853	290		290	290
2854	290		290	290
2855	289		289	289
2856	289		289	289
2857	290		290	290
2858	290		290	290
2859	290		290	290
2860	289		289	289
2861	290		290	290
2862	289		289	289
2863	290		290	290
2864	290		290	290
2865	289		289	289
2866	288		288	288
2867	290		290	290
2868	289		289	289
2869	289		289	289
2870	288		288	288
2871	288		288	288
2872	290		290	290
2873	289		289	289
2874	288		288	288
2875	289		289	289
2876	288		288	288
2877	287		287	287
2878	288		288	288
2879	288		288	288
2880	288		288	288
2881	289		289	289
2882	289		289	289
2883	290		290	290
2884	290		290	290
2885	290		290	290
2886	289		289	289
2887	290		290	290
2888	289		289	289
2889	290		290	290
2890	290		290	290
2891	289		289	289
2892	289		289	289
2893	290		290	290
2894	290		290	290
2895	288		288	288
2896	290		290	290
2897	290		290	290
2898	290		290	290
2899	290		290	290
2900	290		290	290
2901	289		289	289
2902	290		290	290
2903	290		290	290
2904	289		289	289
2905	289		289	289
2906	289		289	289
2907	290		290	290
2908	288		288	288
2909	288		288	288
2910	289		289	289
2911	289		289	289
2912	288		288	288
2913	290		290	290
2914	289		289	289
2915	289		289	289
2916	290		290	290
2917	288		288	288
2918	290		290	290
2919	291		291	291
2920	288		288	288
2921	288		288	288
2922	288		288	288
2923	290		290	290
2924	289		289	289
2925	288		288	288
2926	290		290	290
2927	289		289	289
2928	287		287	287
2929	287		287	287
2930	288		288	288
2931	289		289	289
2932	289		289	289
2933	288		288	288
2934	288		288	288
2935	289		289	289
2936	288		288	288
2937	288		288	288
2938	290		290	290
2939	290		290	290
2940	290		290	290
2941	288		288	288
2942	289		289	289
2943	290		290	290
2944	289		289	289
2945	290		290	290
2946	289		289	289
2947	289		289	289
2948	289		289	289
2949	290		290	290
2950	289		289	289
2951	289		289	289
2952	288		288	288
2953	290		290	290
2954	289		289	289
2955	290		290	290
2956	289		289	289
2957	288		288	288
2958	290		290	290
2959	290		290	290
2960	289		289	289
2961	289			289
2962	289			289
2963	290			290
2964	290			290
2965	290			290
2966	290			290
2967	290			290
2968	288			288
2969	289			289
2970	288			288
2971	289			289
2972	288			288
2973	290			290
2974	290			290
2975	288			288
2976	289			289
2977	289			289
2978	290			290
2979	290			290
2980	289			289
2981	288			288
2982	288			288
2983	290			290
2984	289			289
2985	288			288
2986	289			289
2987	290			290
2988	290			290
2989	288			288
2990	288			288
2991	290			290
2992	288			288
2993	290			290
2994	292			292
2995	293			293
2996	292			292
2997	292			292
2998	295			295
2999	297			297
3000	297			297
3001	297			297
3002	297			297
3003	297			297
3004	297			297
3005	297			297
3006	298			298
3007	299			299
3008	301	301		301
3009	299	299		299
3010	300	300		300
3011	301	301		301
3012	302	302		302
3013	300	300		300
3014	301	301		301
3015	302	302		302
3016	302	302		302
3017	301	301		301
3018	301	301		301
3019	304	304		304
3020	302	302		302
3021	303	303		303
3022	301	301		301
3023	301	301		301
3024	301	301		301
3025	298	298		298
3026	300	300		300
3027	297	297		297
3028	297	297		297
3029	296	296		296
3030	296	296		296
3031	293	293		293
3032	293	293		293
3033	293	293		293
3034	292	292		292
3035	293	293		293
3036	290	290		290
3037	291	291		291
3038	291	291		291
3039	290	290		290
3040	290	290		290
3041	291	291		291
3042	291	291		291
3043	290	290		290
3044	290	290		290
3045	291	291		291
3046	291	291		291
3047	290	290		290
3048	290	290		290
3049	290	290		290
3050	290	290		290
3051	290	290		290
3052	291	291		291
3053	289	289		289
3054	289	289		289
3055	290	290		290
3056	288	288		288
3057	290	290		290
3058	289	289		289
3059	287	287		287
3060	290	290		290
3061	290	290		290
3062	291	291		291
3063	289	289		289
3064	288	288		288
3065	290	290		290
3066	289	289		289
3067	290	290		290
3068	290	290		290
3069	288	288		288
3070	290	290		290
3071	290	290		290
3072	290	290		290
3073	289	289		289
3074	290	290		290
3075	288	288		288
3076	290	290		290
3077	290	290		290
3078	291	291		291
3079	290	290		290
3080	290	290		290
3081	290	290		290
3082	288	288		288
3083	289	289		289
3084	291	291		291
3085	290	290		290
3086	288	288		288
3087	287	287		287
3088	286	286		286
3089	287	287		287
3090	285	285		285
3091	284	284		284
3092	285	285		285
3093	284	284		284
3094	283	283		283
3095	283	283		283
3096	283	283		283
3097	282	282		282
3098	283	283		283
3099	283	283		283
3100	282	282		282
3101	281	281		281
3102	282	282		282
3103	279	279		279
3104	279	279		279
3105	281	281		281
3106	280	280		280
3107	280	280		280
3108	277	277		277
3109	277	277		277
3110	275	275		275
3111	276	276		276
3112	276	276		276
3113	276	276		276
3114	275	275		275
3115	276	276		276
3116	276	276		276
3117	278	278		278
3118	279	279		279
3119	280	280		280
3120	279	279		279
3121	280	280		280
3122	281	281		281
3123	281	281		281
3124	283	283		283
3125	283	283		283
3126	283	283		283
3127	284	284		284
3128	283	283		283
3129	284	284		284
3130	282	282		282
3131	284	284		284
3132	284	284		284
3133	285	285		285
3134	286	286		286
3135	284	284		284
3136	285			285
3137	285			285
3138	285	285		285
3139	284			284
3140	286			286
3141	285	285		285
3142	288			288
3143	286			286
3144	287			287
3145	286			286
3146	286			286
3147	288			288
3148	286			286
3149	287			287
3150	288			288
3151	286			286
3152	286			286
3153	286			286
3154	288			288
3155	287			287
3156	286			286
3157	286			286
3158	287			287
3159	288			288
3160	286			286
3161	288			288
3162	287			287
3163	286			286
3164	287			287
3165	288			288
3166	288			288
3167	287			287
3168	287			287
3169	289			289
3170	288			288
3171	288			288
3172	287			287
3173	289			289
3174	289			289
3175	288			288
3176	288			288
3177	289			289
3178	289			289
3179	289			289
3180	288			288
3181	288			288
3182	288			288
3183	290			290
3184	290			290
3185	290		290	290
3186	288		288	288
3187	289		289	289
3188	289		289	289
3189	290		290	290
3190	289		289	289
3191	290		290	290
3192	288		288	288
3193	288		288	288
3194	288		288	288
3195	288		288	288
3196	289		289	289
3197	290		290	290
3198	288		288	288
3199	290		290	290
3200	290		290	290
3201	290		290	290
3202	290		290	290
3203	289		289	289
3204	290		290	290
3205	290		290	290
3206	287		287	287
3207	290		290	290
3208	289		289	289
3209	290		290	290
3210	287		287	287
3211	288		288	288
3212	288		288	288
3213	288		288	288
3214	288		288	288
3215	288		288	288
3216	290		290	290
3217	287		287	287
3218	290		290	290
3219	288		288	288
3220	290		290	290
3221	289		289	289
3222	289		289	289
3223	289		289	289
3224	288		288	288
3225	287		287	287
3226	287		287	287
3227	287		287	287
3228	289		289	289
3229	287		287	287
3230	288		288	288
3231	286		286	286
3232	288		288	288
3233	287		287	287
3234	289		289	289
3235	288		288	288
3236	288		288	288
3237	286		286	286
3238	289		289	289
3239	286		286	286
3240	288		288	288
3241	288		288	288
3242	287		287	287
3243	287		287	287
3244	290		290	290
3245	287		287	287
3246	289		289	289
3247	288		288	288
3248	290		290	290
3249	288		288	288
3250	288		288	288
3251	289		289	289
3252	289		289	289
3253	289		289	289
3254	289		289	289
3255	289		289	289
3256	289		289	289
3257	290		290	290
3258	289		289	289
3259	288		288	288
3260	289		289	289
3261	289		289	289
3262	289		289	289
3263	289		289	289
3264	289		289	289
3265	290		290	290
3266	288		288	288
3267	288		288	288
3268	290		290	290
3269	290		290	290
3270	289		289	289
3271	289		289	289
3272	289		289	289
3273	289		289	289
3274	287		287	287
3275	288		288	288
3276	288		288	288
3277	290		290	290
3278	288		288	288
3279	288		288	288
3280	288		288	288
3281	290		290	290
3282	288		288	288
3283	290		290	290
3284	290		290	290
3285	288		288	288
3286	290		290	290
3287	286		286	286
3288	288		288	288
3289	288		288	288
3290	290		290	290
3291	288		288	288
3292	288		288	288
3293	288		288	288
3294	288		288	288
3295	287		287	287
3296	289		289	289
3297	290		290	290
3298	288		288	288
3299	288		288	288
3300	288		288	288
3301	288		288	288
3302	289		289	289
3303	289		289	289
3304	290		290	290
3305	289		289	289
3306	287		287	287
3307	289		289	289
3308	290		290	290
3309	288		288	288
3310	289		289	289
3311	289		289	289
3312	290		290	290
3313	289		289	289
3314	290		290	290
3315	288		288	288
3316	287		287	287
3317	288		288	288
3318	287		287	287
3319	288		288	288
3320	289		289	289
3321	286		286	286
3322	286		286	286
3323	286		286	286
3324	288		288	288
3325	287		287	287
3326	288		288	288
3327	286		286	286
3328	286			286
3329	287			287
3330	287			287
3331	288			288
3332	288			288
3333	285			285
3334	286			286
3335	286			286
3336	285			285
3337	285			285
3338	286			286
3339	286			286
3340	287			287
3341	286			286
3342	288			288
3343	287			287
3344	289			289
3345	287			287
3346	288			288
3347	286			286
3348	287			287
3349	287			287
3350	288			288
3351	287			287
3352	288			288
3353	287			287
3354	287			287
3355	288			288
3356	288			288
3357	290			290
3358	287			287
3359	287			287
3360	286			286
3361	290			290
3362	288			288
3363	290			290
3364	290			290
3365	292			292
3366	292			292
3367	292			292
3368	293			293
3369	293			293
3370	295			295
3371	297			297
3372	297			297
3373	297			297
3374	297			297
3375	298	298		298
3376	298	298		298
3377	299	299		299
3378	299	299		299
3379	299	299		299
3380	298	298		298
3381	301	301		301
3382	300	300		300
3383	300	300		300
3384	302	302		302
3385	303	303		303
3386	300	300		300
3387	302	302		302
3388	300	300		300
3389	301	301		301
3390	300	300		300
3391	301	301		301
3392	299	299		299
3393	297	297		297
3394	296	296		296
3395	297	297		297
3396	296	296		296
3397	297	297		297
3398	297	297		297
3399	294	294		294
3400	293	293		293
3401	292	292		292
3402	290	290		290
3403	291	291		291
3404	291	291		291
3405	290	290		290
3406	290	290		290
3407	290	290		290
3408	291	291		291
3409	290	290		290
3410	291	291		291
3411	290	290		290
3412	290	290		290
3413	290	290		290
3414	290	290		290
3415	290	290		290
3416	291	291		291
3417	290	290		290
3418	289	289		289
3419	290	290		290
3420	289	289		289
3421	288	288		288
3422	288	288		288
3423	289	289		289
3424	290	290		290
3425	290	290		290
3426	288	288		288
3427	290	290		290
3428	290	290		290
3429	291	291		291
3430	289	289		289
3431	290	290		290
3432	290	290		290
3433	290	290		290
3434	290	290		290
3435	290	290		290
3436	290	290		290
3437	290	290		290
3438	290	290		290
3439	290	290		290
3440	290	290		290
3441	290	290		290
3442	290	290		290
3443	288	288		288
3444	288	288		288
3445	289	289		289
3446	287	287		287
3447	287	287		287
3448	287	287		287
3449	288	288		288
3450	290	290		290
3451	289	289		289
3452	289	289		289
3453	289	289		289
3454	287	287		287
3455	286	286		286
3456	284	284		284
3457	286	286		286
3458	284	284		284
3459	283	283		283
3460	284	284		284
3461	283	283		283
3462	283	283		283
3463	281	281		281
3464	283	283		283
3465	281	281		281
3466	281	281		281
3467	281	281		281
3468	281	281		281
3469	281	281		281
3470	280	280		280
3471	281	281		281
3472	279	279		279
3473	277	277		277
3474	277	277		277
3475	278	278		278
3476	278	278		278
3477	279	279		279
3478	278	278		278
3479	277	277		277
3480	278	278		278
3481	277	277		277
3482	276	276		276
3483	276	276		276
3484	277	277		277
3485	279	279		279
3486	278	278		278
3487	279	279		279
3488	279	279		279
3489	281	281		281
3490	281	281		281
3491	283	283		283
3492	281	281		281
3493	282	282		282
3494	284	284		284
3495	285	285		285
3496	284	284		284
3497	284	284		284
3498	284	284		284
3499	285	285		285
3500	284	284		284
3501	284	284		284
3502	285	285		285
3503	286	286		286
3504	283	283		283
3505	284			284
3506	285	285		285
3507	284			284
3508	286			286
3509	285	285		285
3510	285			285
3511	286			286
3512	285			285
3513	287			287
3514	288			288
3515	285			285
3516	287			287
3517	285			285
3518	288			288
3519	288			288
3520	288			288
3521	287			287
3522	287			287
3523	287			287
3524	288			288
3525	289			289
3526	288			288
3527	288			288
3528	288			288
3529	288			288
3530	287			287
3531	287			287
3532	288			288
3533	287			287
3534	288			288
3535	288			288
3536	289			289
3537	288			288
3538	287			287
3539	289			289
3540	287			287
3541	287			287
3542	288			288
3543	287			287
3544	288			288
3545	287		287	287
3546	288		288	288
3547	288		288	288
3548	288		288	288
3549	290		290	290
3550	288		288	288
3551	290		290	290
3552	288		288	288
3553	288		288	288
3554	288		288	288
3555	286		286	286
3556	288		288	288
3557	287		287	287
3558	286		286	286
3559	289		289	289
3560	286		286	286
3561	286		286	286
3562	287		287	287
3563	287		287	287
3564	288		288	288
3565	288		288	288
3566	290		290	290
3567	289		289	289
3568	288		288	288
3569	287		287	287
3570	288		288	288
3571	286		286	286
3572	289		289	289
3573	287		287	287
3574	288		288	288
3575	289		289	289
3576	287		287	287
3577	289		289	289
3578	288		288	288
3579	290		290	290
3580	288		288	288
3581	288		288	288
3582	289		289	289
3583	290		290	290
3584	289		289	289
3585	290		290	290
3586	289		289	289
3587	290		290	290
3588	288		288	288
3589	289		289	289
3590	288		288	288
3591	286		286	286
3592	288		288	288
3593	289		289	289
3594	289		289	289
3595	290		290	290
3596	286		286	286
3597	287		287	287
3598	289		289	289
3599	286		286	286
3600	286		286	286
3601	286		286	286
3602	286		286	286
3603	287		287	287
3604	287		287	287
3605	287		287	287
3606	290		290	290
3607	286		286	286
3608	289		289	289
3609	290		290	290
3610	287		287	287
3611	287		287	287
3612	288		288	288
3613	288		288	288
3614	288		288	288
3615	288		288	288
3616	289		289	289
3617	289		289	289
3618	288		288	288
3619	288		288	288
3620	288		288	288
3621	289		289	289
3622	289		289	289
3623	287		287	287
3624	289		289	289
3625	289		289	289
3626	289		289	289
3627	287		287	287
3628	288		288	288
3629	288		288	288
3630	286		286	286
3631	287		287	287
3632	288		288	288
3633	288		288	288
3634	286		286	286
3635	286		286	286
3636	288		288	288
3637	289		289	289
3638	288		288	288
3639	288		288	288
3640	287		287	287
3641	288		288	288
3642	290		290	290
3643	288		288	288
3644	287		287	287
3645	286		286	286
3646	286		286	286
3647	287		287	287
3648	289		289	289
3649	286		286	286
3650	285		285	285
3651	285		285	285
3652	286		286	286
3653	286		286	286
3654	288		288	288
3655	286		286	286
3656	287		287	287
3657	287		287	287
3658	286		286	286
3659	286		286	286
3660	288			288
3661	286			286
3662	287			287
3663	288			288
3664	288			288
3665	288			288
3666	288			288
3667	290			290
3668	290			290
3669	288			288
3670	287			287
3671	288			288
3672	289			289
3673	288			288
3674	289			289
3675	290			290
3676	290			290
3677	288			288
3678	290			290
3679	289			289
3680	290			290
3681	287			287
3682	290			290
3683	289			289
3684	289			289
3685	290			290
3686	290			290
3687	290			290
3688	290			290
3689	290			290
3690	290			290
3691	290			290
3692	290			290
3693	291			291
3694	292			292
3695	294			294
3696	294			294
3698	297			297
