1	290		
2	289		
3	291		
4	291		
5	290		
6	290		
7	288		
8	290		
9	288		
10	289		
11	287		
12	289		
13	288		
14	290		
15	289		
16	288		
17	287		
18	288		
19	287		
20	287		
21	286		
22	288		
23	287		
24	288		
25	290		
26	288		
27	290		
28	290		
29	289		
30	289		
31	290		
32	289		
33	288		
34	286		
35	288		
36	287		
37	289	36	
38	289	37	
39	290	38	
40	287	39	
41	289	40	
42	289	41	
43	290	42	
44	290	43	
45	288	44	
46	290	45	
47	289	46	
48	290	47	
49	290	48	
50	290	49	
51	290	50	
52	289	51	
53	290	52	
54	291	53	
55	290	54	
56	290	55	
57	290	56	
58	290	57	
59	289	58	
60	288	59	
61	288	60	
62	287	61	
63	288	62	
64	289	63	
65	290	64	
66	288	65	
67	289	66	
68	290	67	
69	290	68	
70	290	69	
71	290	70	
72	290	71	
73	290	72	
74	288	73	
75	290	74	
76	290	75	
77	290	76	
78	290	77	
79	289	78	
80	289	79	
81	289	80	
82	288	81	
83	289	82	
84	289	83	
85	289	84	
86	290	85	
87	289	86	
88	288	87	
89	288	88	
90	288	89	
91	287	90	
92	286	91	
93	290	92	
94	287	93	
95	288	94	
96	287	95	
97	287	96	
98	288	97	
99	289	98	
100	286	99	
101	289	100	
102	290	101	
103	290	102	
104	290	103	
105	289	104	
106	289	105	
107	290	106	
108	289	107	
109	288	108	
110	288	109	
111	290	110	
112	289	111	
113	290	112	
114	289	113	
115	288	114	
116	290	115	
117	289	116	
118	289	117	
119	288	118	
120	288	119	
121	287	120	
122	290	121	
123	289	122	
124	289	123	
125	290	124	
126	287	125	
127	288	126	
128	290	127	
129	291	128	
130	290	129	
131	289	130	
132	290	131	
133	289	132	
134	289	133	
135	290	134	
136	290	135	
137	288	136	
138	285	137	
139	286	138	
140	284	139	
141	284	140	
142	284	141	
143	284	142	
144	283	143	
145	282	144	
146	282		
147	283		
148	283		
149	283		
150	282		
151	282		
152	283		
153	281		
154	282		
155	281		
156	283		
157	281		
158	281		
159	279		
160	278		
161	281		
162	279		
163	280		
164	278		
165	279		
166	278		
167	281		
168	279		
169	282		
170	281		
171	283		
172	283		
173	284		
174	285		
175	286		
176	286		
177	286		
178	286		
179	287		
180	288		
181	288		
182	286		
183	288		
184	287		
185	290		
186	289		
187	288		
188	289		
189	288		
190	288		
191	288		
192	287		
193	288		
194	288		
195	289		
196	290		
197	288		
198	288		
199	290		
200	290		
201	288		
202	287		
203	289		
204	288		
205	287		
206	288		
207	288		
208	288		
209	288		
210	287		
211	288	210	
212	289		
213	290		
214	289		
215	289		
216	288		
217	288		
218	288		
219	287		
220	288		
221	289		
222	289		
223	287		
224	287		
225	289		
226	288		
227	288		
228	288		
229	288		
230	289		
231	289		230
232	288		231
233	290		232
234	289		233
235	290		234
236	288		235
237	290		236
238	290		237
239	289		238
240	289		239
241	288		240
242	289		241
243	289		242
244	288		243
245	288		244
246	290		245
247	288		246
248	289		247
249	290		248
250	290		249
251	290		250
252	289		251
253	288		252
254	288		253
255	289		254
256	289		255
257	290		256
258	290		257
259	290		258
260	290		259
261	290		260
262	290		261
263	290		262
264	290		263
265	289		264
266	289		265
267	289		266
268	289		267
269	291		268
270	290		269
271	289		270
272	288		271
273	290		272
274	290		273
275	290		274
276	289		275
277	288		276
278	290		277
279	289		278
280	289		279
281	289		280
282	289		281
283	287		282
284	289		283
285	289		284
286	289		285
287	290		286
288	290		287
289	288		288
290	288		289
291	288		290
292	289		291
293	288		292
294	288		293
295	288		294
296	290		295
297	288		296
298	288		297
299	290		298
300	288		299
301	291		300
302	288		301
303	290		302
304	290		303
305	290		304
306	290		305
307	288		306
308	290		307
309	290		308
310	290		309
311	290		310
312	288		311
313	288		312
314	289		313
315	290		314
316	290		315
317	290		316
318	290		317
319	290		318
320	290		319
321	290		320
322	290		321
323	290		322
324	290		323
325	290		324
326	288		325
327	288		326
328	288		327
329	288		328
330	288		329
331	289		330
332	288		331
333	290		332
334	288		333
335	287		334
336	288		335
337	289		336
338	288		337
339	288		338
340	289		339
341	287		340
342	290		341
343	289		342
344	290		343
345	288		344
346	287		345
347	288		346
348	289		347
349	288		348
350	290		349
351	290		350
352	288		351
353	289		352
354	287		353
355	288		354
356	289		355
357	287		356
358	289		357
359	289		358
360	288		359
361	288		360
362	288		361
363	288		362
364	290		363
365	288		364
366	290		365
367	290		366
368	289		367
369	290		368
370	290		369
371	288		370
372	289		371
373	289		372
374	290		373
375	290		374
376	288		
377	289		
378	290		
379	289		
380	288		
381	289		
382	289		
383	288		
384	289		
385	287		
386	288		
387	290		
388	287		
389	288		
390	288		
391	289		
392	286		
393	289		
394	290		
395	290		
396	290		
397	289		
398	289		
399	289		
400	286		
401	287		
402	288		
403	288		
404	290		
405	290		
406	287		
407	288		
408	288		
409	287		
410	290		
411	289		
412	290		
413	290		
414	290		
415	292		
416	292		
417	293		
418	295		
419	296		
420	297		
421	296		
422	297		
423	299		
424	297		
425	298		
426	297		
427	299		
428	299		
429	297		
430	300		
431	300		
432	299		
433	300		
434	300		
435	299		
436	301		
437	301		
438	302		
439	302		
440	301		
441	300		
442	304		
443	299		
444	298		
445	299		
446	298		
447	297		
448	295		
449	294		
450	294		
451	292		
452	290	451	
453	290	452	
454	290	453	
455	289	454	
456	290	455	
457	290	456	
458	290	457	
459	290	458	
460	290	459	
461	290	460	
462	289	461	
463	290	462	
464	289	463	
465	290	464	
466	290	465	
467	290	466	
468	290	467	
469	290	468	
470	290	469	
471	290	470	
472	290	471	
473	291	472	
474	290	473	
475	291	474	
476	291	475	
477	290	476	
478	290	477	
479	290	478	
480	290	479	
481	288	480	
482	290	481	
483	290	482	
484	288	483	
485	289	484	
486	288	485	
487	289	486	
488	288	487	
489	290	488	
490	290	489	
491	288	490	
492	286	491	
493	286	492	
494	290	493	
495	287	494	
496	288	495	
497	290	496	
498	289	497	
499	288	498	
500	290	499	
501	288	500	
502	288	501	
503	286	502	
504	288	503	
505	288	504	
506	286	505	
507	287	506	
508	287	507	
509	286	508	
510	284	509	
511	285	510	
512	283	511	
513	284	512	
514	283	513	
515	283	514	
516	283	515	
517	281	516	
518	281	517	
519	283	518	
520	282	519	
521	281	520	
522	281	521	
523	281	522	
524	279	523	
525	277	524	
526	281	525	
527	276	526	
528	279	527	
529	277	528	
530	279	529	
531	277	530	
532	276	531	
533	276		
534	279		
535	276		
536	278		
537	279		
538	279		
539	281		
540	282		
541	283		
542	283		
543	281		
544	282		
545	284		
546	283		
547	284		
548	284		
549	286		
550	285		
551	286		
552	286		
553	288		
554	287		
555	286		
556	288		
557	290		
558	288		
559	289		
560	287		
561	288		
562	288		
563	290		
564	288		
565	289		
566	290		
567	288		
568	288		
569	288		
570	290		
571	288		
572	290		
573	288		
574	288		
575	287		
576	290		
577	287		
578	288		
579	288		
580	289		
581	287		
582	288		
583	288		
584	290		
585	290		
586	289		
587	290		
588	289		
589	287		
590	288		
591	288		
592	290		
593	288		
594	288		
595	288		
596	290		
597	290		
598	289		
599	289		
600	289		
601	290		
602	290		
603	290		
604	288		
605	290		
606	290		
607	290		606
608	290		607
609	290		608
610	290		609
611	290		610
612	290		611
613	290		612
614	288		613
615	288		614
616	290		615
617	290		616
618	290		617
619	289		618
620	288		619
621	288		620
622	288		621
623	287		622
624	289		623
625	287		624
626	287		625
627	287		626
628	286	627	
629	288		628
630	286		629
631	286		630
632	288		631
633	286		632
634	288		633
635	288		634
636	288		635
637	287		636
638	290		637
639	288		638
640	288		639
641	287		640
642	289		641
643	289		642
644	289		643
645	289		644
646	289		645
647	288		646
648	290		647
649	290		648
650	290		649
651	289		650
652	288		651
653	290		652
654	290		653
655	288		654
656	288		655
657	289		656
658	288		657
659	288		658
660	290		659
661	289		660
662	288		661
663	289		662
664	288		663
665	289		664
666	288		665
667	288		666
668	289		667
669	288		668
670	288		669
671	288		670
672	288		671
673	288		672
674	288		673
675	288		674
676	290		675
677	290		676
678	288		677
679	289		678
680	289		679
681	290		680
682	289		681
683	290		682
684	289		683
685	290		684
686	290		685
687	290		686
688	288		687
689	289		688
690	290		689
691	289		690
692	290		691
693	290		692
694	289		693
695	289		694
696	289		695
697	289		696
698	287		697
699	288		698
700	290		699
701	289		700
702	290		701
703	288		702
704	289		703
705	290		704
706	288		705
707	289		706
708	290		707
709	288		708
710	288		709
711	287		710
712	288		711
713	290		712
714	290		713
715	288		714
716	288		715
717	289		716
718	290		717
719	288		718
720	288		719
721	290		720
722	289		721
723	289		722
724	290		723
725	290		724
726	289		725
727	288		726
728	290		727
729	289		728
730	290		729
731	290		730
732	290		731
733	291		732
734	290		733
735	290		734
736	290		735
737	290		736
738	289		737
739	290		738
740	290		739
741	290		740
742	290		741
743	291		742
744	290		743
745	291		744
746	290		745
747	290		
748	290		
749	290		
750	290		
751	291		
752	290		
753	290		
754	290		
755	290		
756	290		
757	288		
758	291		
759	288		
760	288		
761	289		
762	290		
763	289		
764	290		
765	290		
766	290		
767	289		
768	289		
769	292		
770	289		
771	290		
772	290		
773	289		
774	290		
775	290		
776	290		
777	290		
778	289		
779	290		
780	290		
781	289		
782	291		
783	292		
784	294		
785	293		
786	296		
787	296		
788	296		
789	297		
790	297		
791	299		
792	297		
793	300		
794	298		
795	300		
796	301		
797	301		
798	300		
799	302		
800	301		
801	303		
802	302		
803	302		
804	301		
805	302		
806	301		
807	302		
808	302		
809	302		
810	301		
811	302		
812	299		
813	297		
814	297		
815	297		
816	293		
817	296		
818	293		
819	293		
820	293		
821	293		
822	292	821	
823	292	822	
824	291	823	
825	290	824	
826	290	825	
827	290	826	
828	291	827	
829	292	828	
830	291	829	
831	290	830	
832	291	831	
833	290	832	
834	288	833	
835	290	834	
836	288	835	
837	289	836	
838	289	837	
839	290	838	
840	289	839	
841	290	840	
842	290	841	
843	290	842	
844	291	843	
845	287	844	
846	290	845	
847	287	846	
848	286	847	
849	288	848	
850	288	849	
851	289	850	
852	289	851	
853	289	852	
854	287	853	
855	290	854	
856	288	855	
857	290	856	
858	290	857	
859	289	858	
860	291	859	
861	289	860	
862	291	861	
863	290	862	
864	289	863	
865	290	864	
866	290	865	
867	289	866	
868	287	867	
869	288	868	
870	289	869	
871	288	870	
872	287	871	
873	286	872	
874	286	873	
875	284	874	
876	286	875	
877	284	876	
878	285	877	
879	283	878	
880	283	879	
881	282	880	
882	283	881	
883	281	882	
884	282	883	
885	280	884	
886	282	885	
887	281	886	
888	283	887	
889	279	888	
890	282	889	
891	280	890	
892	279	891	
893	278	892	
894	279	893	
895	278	894	
896	277	895	
897	278	896	
898	277	897	
899	278	898	
900	278	899	
901	279	900	
902	279	901	
903	277	902	
904	279	903	
905	280		
906	279		
907	281		
908	280		
909	281		
910	283		
911	283		
912	283		
913	283		
914	284		
915	284		
916	284		
917	283		
918	285		
919	285		
920	286		
921	286		
922	287		
923	287		
924	288		
925	287		
926	286		
927	287		
928	287		
929	287		
930	288		
931	288		
932	287		
933	286		
934	287		
935	285		
936	286		
937	286		
938	287		
939	288		
940	288		
941	286		
942	286		
943	287		
944	287		
945	286		
946	285		
947	286		
948	286		
949	289		
950	286		
951	289		
952	287		
953	287		
954	287		
955	286		
956	288		
957	286		
958	288		
959	288		
960	288		
961	287		
962	287		
963	288		
964	288		
965	288		
966	288		
967	288		
968	287		
969	289		
970	288		
971	287		
972	289		
973	288		
974	288		
975	289		
976	290		
977	288		
978	288		977
979	289		978
980	290		979
981	290		980
982	288		981
983	290		982
984	289		983
985	290		984
986	288		985
987	287		986
988	290		987
989	288		988
990	288		989
991	289		990
992	288		991
993	290		992
994	288		993
995	288		994
996	289		995
997	290		996
998	290		997
999	290		998
1000	291		999
1001	290		1000
1002	290		1001
1003	288		1002
1004	288		1003
1005	288		1004
1006	290		1005
1007	290		1006
1008	288		1007
1009	290		1008
1010	290		1009
1011	290		1010
1012	290		1011
1013	290		1012
1014	288		1013
1015	290		1014
1016	290		1015
1017	288		1016
1018	288		1017
1019	288		1018
1020	288		1019
1021	287		1020
1022	288		1021
1023	288		1022
1024	286		1023
1025	289		1024
1026	288		1025
1027	288		1026
1028	288		1027
1029	287		1028
1030	288		1029
1031	287		1030
1032	290		1031
1033	288		1032
1034	287		1033
1035	287		1034
1036	287		1035
1037	289		1036
1038	289		1037
1039	287		1038
1040	290		1039
1041	287		1040
1042	290		1041
1043	288		1042
1044	287		1043
1045	288		1044
1046	287		1045
1047	287		1046
1048	288		1047
1049	289		1048
1050	289		1049
1051	289		1050
1052	290		1051
1053	289		1052
1054	290		1053
1055	289		1054
1056	289		1055
1057	286		1056
1058	288		1057
1059	286		1058
1060	286		1059
1061	287		1060
1062	287		1061
1063	288		1062
1064	288		1063
1065	288		1064
1066	287		1065
1067	287		1066
1068	289		1067
1069	290		1068
1070	287		1069
1071	287		1070
1072	286		1071
1073	286		1072
1074	288		1073
1075	286		1074
1076	288		1075
1077	286		1076
1078	288		1077
1079	287		1078
1080	287		1079
1081	290		1080
1082	288		1081
1083	289		1082
1084	289		1083
1085	290		1084
1086	288		1085
1087	287		1086
1088	287		1087
1089	285		
1090	287	1089	
1091	289		1090
1092	288		1091
1093	288		1092
1094	290		1093
1095	290		1094
1096	288		1095
1097	288		1096
1098	290		1097
1099	288		1098
1100	288		1099
1101	287		1100
1102	290		1101
1103	290		1102
1104	290		1103
1105	290		1104
1106	289		1105
1107	290		1106
1108	290		1107
1109	290		1108
1110	290		1109
1111	290		1110
1112	290		1111
1113	290		1112
1114	290		1113
1115	288		1114
1116	290		1115
1117	290		
1118	290		
1119	290		
1120	290		
1121	290		
1122	290		
1123	290		
1124	289		
1125	290		
1126	290		
1127	289		
1128	289		
1129	290		
1130	288		
1131	289		
1132	289		
1133	290		
1134	288		
1135	288		
1136	290		
1137	288		
1138	288		
1139	289		
1140	289		
1141	289		
1142	290		
1143	289		
1144	290		
1145	289		
1146	291		
1147	290		
1148	290		
1149	290		
1150	290		
1151	289		
1152	291		
1153	294		
1154	292		
1155	296		
1156	296		
1157	297		
1158	297		
1159	297		
1160	298		
1161	297		
1162	299		
1163	300		
1164	300		
1165	302		
1166	300		
1167	299		
1168	301		
1169	302		
1170	301		
1171	302		
1172	301		
1173	301		
1174	302		
1175	301		
1176	300		
1177	300		
1178	301		
1179	298		
1180	297		
1181	297		
1182	297		
1183	296		
1184	294		
1185	294		
1186	293		
1187	293		
1188	292	1187	
1189	292	1188	
1190	292	1189	
1191	291	1190	
1192	291	1191	
1193	293	1192	
1194	292	1193	
1195	290	1194	
1196	290	1195	
1197	292	1196	
1198	290	1197	
1199	290	1198	
1200	290	1199	
1201	290	1200	
1202	288	1201	
1203	289	1202	
1204	290	1203	
1205	290	1204	
1206	290	1205	
1207	290	1206	
1208	290	1207	
1209	290	1208	
1210	289	1209	
1211	290	1210	
1212	290	1211	
1213	289	1212	
1214	290	1213	
1215	288	1214	
1216	290	1215	
1217	289	1216	
1218	290	1217	
1219	290	1218	
1220	290	1219	
1221	289	1220	
1222	290	1221	
1223	290	1222	
1224	288	1223	
1225	288	1224	
1226	288	1225	
1227	290	1226	
1228	288	1227	
1229	290	1228	
1230	288	1229	
1231	288	1230	
1232	288	1231	
1233	289	1232	
1234	289	1233	
1235	290	1234	
1236	290	1235	
1237	290	1236	
1238	290	1237	
1239	290	1238	
1240	290	1239	
1241	289	1240	
1242	288	1241	
1243	288	1242	
1244	286	1243	
1245	285	1244	
1246	285	1245	
1247	284	1246	
1248	285	1247	
1249	284	1248	
1250	284	1249	
1251	283	1250	
1252	284	1251	
1253	284	1252	
1254	282	1253	
1255	281	1254	
1256	279	1255	
1257	279	1256	
1258	280	1257	
1259	281	1258	
1260	281	1259	
1261	280	1260	
1262	280	1261	
1263	281	1262	
1264	280	1263	
1265	281	1264	
1266	278	1265	
1267	279		
1268	279		
1269	277		
1270	279		
1271	278		
1272	278		
1273	282		
1274	279		
1275	280		
1276	280		
1277	283		
1278	282		
1279	283		
1280	283		
1281	282		
1282	283		
1283	282		
1284	283		
1285	284		
1286	284		
1287	285		
1288	285		
1289	285		
1290	285		
1291	285		
1292	287		
1293	288		
1294	287		
1295	288		
1296	288		
1297	288		
1298	287		
1299	287		
1300	287		
1301	288		
1302	286		
1303	290		
1304	287		
1305	290		
1306	288		
1307	288		
1308	288		
1309	289		
1310	287		
1311	290		
1312	291		
1313	290		
1314	290		
1315	289		
1316	289		
1317	289		
1318	288		
1319	288		
1320	290		
1321	289		
1322	287		
1323	287		
1324	288		
1325	288		
1326	289		
1327	288		
1328	289		
1329	290		
1330	289		
1331	288		
1332	287		
1333	289		
1334	288		
1335	290		
1336	289		
1337	290		
1338	288		
1339	288		
1340	290		
1341	290		1340
1342	289		1341
1343	288		1342
1344	288		1343
1345	288		1344
1346	290		1345
1347	290		1346
1348	290		1347
1349	288		1348
1350	288		1349
1351	288		1350
1352	290		1351
1353	288		1352
1354	288		1353
1355	288		1354
1356	288		1355
1357	288		1356
1358	288		1357
1359	288		1358
1360	287		1359
1361	287		1360
1362	286		1361
1363	288		1362
1364	290		1363
1365	289		1364
1366	290		1365
1367	290		1366
1368	290		1367
1369	290		1368
1370	290		1369
1371	290		1370
1372	291		1371
1373	290		1372
1374	290		1373
1375	290		1374
1376	291		1375
1377	290		1376
1378	290		1377
1379	288		1378
1380	290		1379
1381	290		1380
1382	288		1381
1383	288		1382
1384	288		1383
1385	288		1384
1386	288		1385
1387	289		1386
1388	290		1387
1389	290		1388
1390	290		1389
1391	288		1390
1392	289		1391
1393	290		1392
1394	289		1393
1395	288		1394
1396	289		1395
1397	289		1396
1398	290		1397
1399	288		1398
1400	290		1399
1401	288		1400
1402	290		1401
1403	289		1402
1404	289		1403
1405	290		1404
1406	291		1405
1407	290		1406
1408	289		1407
1409	290		1408
1410	290		1409
1411	289		1410
1412	291		1411
1413	291		1412
1414	290		1413
1415	290		1414
1416	290		1415
1417	290		1416
1418	290		1417
1419	289		1418
1420	291		1419
1421	291		1420
1422	290		1421
1423	290		1422
1424	291		1423
1425	290		1424
1426	290		1425
1427	290		1426
1428	290		1427
1429	290		1428
1430	290		1429
1431	290		1430
1432	290		1431
1433	290		1432
1434	290		1433
1435	288		1434
1436	290		1435
1437	288		1436
1438	289		1437
1439	288		1438
1440	289		1439
1441	289		1440
1442	287		1441
1443	288		1442
1444	287		1443
1445	289		1444
1446	288		1445
1447	288		1446
1448	288		1447
1449	289		1448
1450	289		1449
1451	290		1450
1452	288		1451
1453	288		1452
1454	290		1453
1455	287		1454
1456	288		1455
1457	289		1456
1458	289		1457
1459	290		1458
1460	288		1459
1461	286		1460
1462	287		1461
1463	288		1462
1464	288		1463
1465	288		1464
1466	290		1465
1467	288		1466
1468	289		1467
1469	288		1468
1470	290		1469
1471	286		1470
1472	288		1471
1473	288		1472
1474	288		1473
1475	289		1474
1476	286		1475
1477	288		1476
1478	288		1477
1479	288		1478
1480	288		1479
1481	290		1480
1482	289		1481
1483	289		1482
1484	290		
1485	289		
1486	289		
1487	288		
1488	290		
1489	289		
1490	291		
1491	290		
1492	290		
1493	289		
1494	290		
1495	290		
1496	290		
1497	289		
1498	290		
1499	288		
1500	288		
1501	290		
1502	288		
1503	289		
1504	289		
1505	288		
1506	290		
1507	289		
1508	288		
1509	289		
1510	289		
1511	289		
1512	287		
1513	289		
1514	288		
1515	288		
1516	288		
1517	290		
1518	291		
1519	289		
1520	291		
1521	291		
1522	291		
1523	293		
1524	293		
1525	295		
1526	297		
1527	296		
1528	297		
1529	297		
1530	296		
1531	298		
1532	298		
1533	299		
1534	301		
1535	299		
1536	299		
1537	300		
1538	299		
1539	300		
1540	302		
1541	301		
1542	302		
1543	302		
1544	302		
1545	302		
1546	303		
1547	301		
1548	302		
1549	301		
1550	298		
1551	296		
1552	298		
1553	296		
1554	297		
1555	295		
1556	297		
1557	293		
1558	291	1557	
1559	291	1558	
1560	292	1559	
1561	292	1560	
1562	291	1561	
1563	290	1562	
1564	290	1563	
1565	290	1564	
1566	289	1565	
1567	290	1566	
1568	289	1567	
1569	290	1568	
1570	290	1569	
1571	291	1570	
1572	291	1571	
1573	289	1572	
1574	290	1573	
1575	290	1574	
1576	291	1575	
1577	289	1576	
1578	290	1577	
1579	290	1578	
1580	290	1579	
1581	290	1580	
1582	290	1581	
1583	290	1582	
1584	289	1583	
1585	290	1584	
1586	290	1585	
1587	290	1586	
1588	290	1587	
1589	290	1588	
1590	290	1589	
1591	290	1590	
1592	288	1591	
1593	289	1592	
1594	288	1593	
1595	289	1594	
1596	290	1595	
1597	289	1596	
1598	289	1597	
1599	288	1598	
1600	290	1599	
1601	289	1600	
1602	290	1601	
1603	290	1602	
1604	291	1603	
1605	290	1604	
1606	290	1605	
1607	291	1606	
1608	290	1607	
1609	288	1608	
1610	289	1609	
1611	286	1610	
1612	287	1611	
1613	284	1612	
1614	283	1613	
1615	286	1614	
1616	286	1615	
1617	284	1616	
1618	285	1617	
1619	284	1618	
1620	282	1619	
1621	283	1620	
1622	281	1621	
1623	281	1622	
1624	279	1623	
1625	281	1624	
1626	281	1625	
1627	279	1626	
1628	279	1627	
1629	279	1628	
1630	279	1629	
1631	279	1630	
1632	279	1631	
1633	278	1632	
1634	280	1633	
1635	276	1634	
1636	279	1635	
1637	278		
1638	278		
1639	281		
1640	277		
1641	278		
1642	278		
1643	280		
1644	281		
1645	282		
1646	282		
1647	283		
1648	285		
1649	283		
1650	284		
1651	284		
1652	285		
1653	286		
1654	285		
1655	286		
1656	286		
1657	285		
1658	285		
1659	285		
1660	285		
1661	286		
1662	288		
1663	286		
1664	289		
1665	286		
1666	286		
1667	287		
1668	286		
1669	287		
1670	287		
1671	288		
1672	289		
1673	287		
1674	288		
1675	289		
1676	289		
1677	291		
1678	290		
1679	289		
1680	288		
1681	290		
1682	288		
1683	290		
1684	291		
1685	290		
1686	290		
1687	290		
1688	290		
1689	290		
1690	290		
1691	290		
1692	290		
1693	291		
1694	290		
1695	291		
1696	291		
1697	290		
1698	290		
1699	290		
1700	290		
1701	290		
1702	291		
1703	290		
1704	290		
1705	290		
1706	290		
1707	290		
1708	290		
1709	290		
1710	290		1709
1711	290		1710
1712	290		1711
1713	290		1712
1714	289		1713
1715	288		1714
1716	290		1715
1717	290		1716
1718	290		1717
1719	289		1718
1720	288		1719
1721	290		1720
1722	290		1721
1723	289		1722
1724	290		1723
1725	290		1724
1726	289		1725
1727	288		1726
1728	289		1727
1729	287		1728
1730	287		1729
1731	287		1730
1732	288		1731
1733	289		1732
1734	290		1733
1735	288		1734
1736	287		1735
1737	288		1736
1738	288		1737
1739	288		1738
1740	288		1739
1741	288		1740
1742	289		1741
1743	289		1742
1744	288		1743
1745	288		1744
1746	288		1745
1747	287		1746
1748	289		1747
1749	289		1748
1750	288		1749
1751	287		1750
1752	289		1751
1753	289		1752
1754	290		1753
1755	288		1754
1756	289		1755
1757	290		1756
1758	290		1757
1759	290		1758
1760	289		1759
1761	289		1760
1762	289		1761
1763	290		1762
1764	290		1763
1765	290		1764
1766	290		1765
1767	290		1766
1768	290		1767
1769	290		1768
1770	290		1769
1771	290		1770
1772	289		1771
1773	287		1772
1774	288		1773
1775	289		1774
1776	288		1775
1777	288		1776
1778	287		1777
1779	287		1778
1780	288		1779
1781	287		1780
1782	288		1781
1783	287		1782
1784	286		1783
1785	288		1784
1786	287		1785
1787	287		1786
1788	289		1787
1789	288		1788
1790	287		1789
1791	288		1790
1792	287		1791
1793	290		1792
1794	288		1793
1795	288		1794
1796	286		1795
1797	287		1796
1798	288		1797
1799	288		1798
1800	287		1799
1801	287	1800	
1802	288		1801
1803	286		1802
1804	288		1803
1805	286		1804
1806	285		1805
1807	285		1806
1808	287		1807
1809	287		1808
1810	287		1809
1811	288		1810
1812	288		1811
1813	287		1812
1814	288		1813
1815	288		1814
1816	286		1815
1817	288		1816
1818	287		1817
1819	286		1818
1820	289		1819
1821	288		1820
1822	288		1821
1823	289		1822
1824	290		1823
1825	290		1824
1826	290		1825
1827	288		1826
1828	289		1827
1829	288		1828
1830	288		1829
1831	288		1830
1832	289		1831
1833	289		1832
1834	288		1833
1835	289		1834
1836	288		1835
1837	288		1836
1838	288		1837
1839	288		1838
1840	288		1839
1841	287		1840
1842	287		1841
1843	288		1842
1844	286		1843
1845	289		1844
1846	287		1845
1847	288		1846
1848	288		1847
1849	285		1848
1850	286		1849
1851	286		1850
1852	287		1851
1853	286		1852
1854	287		
1855	288		
1856	289		
1857	288		
1858	288		
1859	287		
1860	288		
1861	288		
1862	288		
1863	287		
1864	288		
1865	288		
1866	287		
1867	288		
1868	287		
1869	287		
1870	289		
1871	289		
1872	290		
1873	290		
1874	290		
1875	289		
1876	290		
1877	290		
1878	290		
1879	290		
1880	289		
1881	290		
1882	289		
1883	288		
1884	288		
1885	289		
1886	289		
1887	289		
1888	290		
1889	292		
1890	291		
1891	293		
1892	294		
1893	296		
1894	296		
1895	297		
1896	296		
1897	299		
1898	299		
1899	299		
1900	301		
1901	302		
1902	301		
1903	301		
1904	302		
1905	302		
1906	302		
1907	304		
1908	302		
1909	302		
1910	304		
1911	304		
1912	304		
1913	303		
1914	302		
1915	302		
1916	304		
1917	301		
1918	299		
1919	299		
1920	297		
1921	296		
1922	297		
1923	295		
1924	296		
1925	296		
1926	293		
1927	292		
1928	291	1927	
1929	291	1928	
1930	291	1929	
1931	290	1930	
1932	291	1931	
1933	290	1932	
1934	290	1933	
1935	291	1934	
1936	291	1935	
1937	290	1936	
1938	290	1937	
1939	290	1938	
1940	289	1939	
1941	288	1940	
1942	290	1941	
1943	288	1942	
1944	287	1943	
1945	288	1944	
1946	290	1945	
1947	289	1946	
1948	289	1947	
1949	288	1948	
1950	287	1949	
1951	287	1950	
1952	286	1951	
1953	287	1952	
1954	289	1953	
1955	287	1954	
1956	288	1955	
1957	289	1956	
1958	287	1957	
1959	288	1958	
1960	288	1959	
1961	289	1960	
1962	289	1961	
1963	288	1962	
1964	290	1963	
1965	286	1964	
1966	289	1965	
1967	290	1966	
1968	288	1967	
1969	289	1968	
1970	286	1969	
1971	287	1970	
1972	286	1971	
1973	288	1972	
1974	287	1973	
1975	286	1974	
1976	287	1975	
1977	287	1976	
1978	287	1977	
1979	285	1978	
1980	285	1979	
1981	286	1980	
1982	283	1981	
1983	283	1982	
1984	281	1983	
1985	283	1984	
1986	283	1985	
1987	282	1986	
1988	281	1987	
1989	280	1988	
1990	280	1989	
1991	279	1990	
1992	279	1991	
1993	279	1992	
1994	279	1993	
1995	278	1994	
1996	280	1995	
1997	279	1996	
1998	280	1997	
1999	279	1998	
2000	279	1999	
2001	279	2000	
2002	277	2001	
2003	277	2002	
2004	277	2003	
2005	277	2004	
2006	275	2005	
2007	278	2006	
2008	276	2007	
2009	278		
2010	277		
2011	279		
2012	279		
2013	281		
2014	281		
2015	282		
2016	284		
2017	283		
2018	283		
2019	282		
2020	284		
2021	285		
2022	285		
2023	283		
2024	284		
2025	284		
2026	285		
2027	285		
2028	285		
2029	284		
2030	287		
2031	286		
2032	285		
2033	287		
2034	286		
2035	288		
2036	286		
2037	288		
2038	287		
2039	287		
2040	286		
2041	288		
2042	288		
2043	288		
2044	289		
2045	290		
2046	289		
2047	290		
2048	290		
2049	290		
2050	288		
2051	288		
2052	290		
2053	288		
2054	290		
2055	288		
2056	290		
2057	290		
2058	291		
2059	289		
2060	288		
2061	290		
2062	289		
2063	289		
2064	290		
2065	290		
2066	289		
2067	289		
2068	290		
2069	290		
2070	289		
2071	288		
2072	288		
2073	290		
2074	290		
2075	288		
2076	288		
2077	290		
2078	290		
2079	290		
2080	288		
2081	288		
2082	289		2081
2083	288		2082
2084	287		2083
2085	288		2084
2086	288		2085
2087	288		2086
2088	288		2087
2089	288		2088
2090	289		2089
2091	288		2090
2092	289		2091
2093	290		2092
2094	290		2093
2095	290		2094
2096	289		2095
2097	290		2096
2098	290		2097
2099	288		2098
2100	288		2099
2101	290		2100
2102	290		2101
2103	288		2102
2104	291		2103
2105	290		2104
2106	291		2105
2107	290		2106
2108	289		2107
2109	290		2108
2110	290		2109
2111	288		2110
2112	290		2111
2113	290		2112
2114	289		2113
2115	288		2114
2116	289		2115
2117	290		2116
2118	288		2117
2119	290		2118
2120	288		2119
2121	290		2120
2122	288		2121
2123	290		2122
2124	290		2123
2125	288		2124
2126	289		2125
2127	287		2126
2128	290		2127
2129	288		2128
2130	290		2129
2131	288		2130
2132	290		2131
2133	290		2132
2134	290		2133
2135	288		2134
2136	288		2135
2137	290		2136
2138	290		2137
2139	290		2138
2140	291		2139
2141	290		2140
2142	290		2141
2143	290		2142
2144	290		2143
2145	290		2144
2146	290		2145
2147	290		2146
2148	289		2147
2149	290		2148
2150	290		2149
2151	290		2150
2152	290		2151
2153	290		2152
2154	289		2153
2155	290		2154
2156	290		2155
2157	290		2156
2158	290		2157
2159	288		2158
2160	288		2159
2161	289		2160
2162	288		2161
2163	288		2162
2164	290		2163
2165	288		2164
2166	288		2165
2167	290		2166
2168	290		2167
2169	288		2168
2170	288		2169
2171	290		2170
2172	290		2171
2173	290		2172
2174	290		2173
2175	290		2174
2176	289		2175
2177	290		2176
2178	290		2177
2179	290		2178
2180	290		2179
2181	291		2180
2182	290		2181
2183	290		2182
2184	290		2183
2185	290		2184
2186	291		2185
2187	290		2186
2188	290		2187
2189	290		2188
2190	290		2189
2191	290		2190
2192	290		2191
2193	290		2192
2194	290		2193
2195	289		2194
2196	292		2195
2197	289		2196
2198	290		2197
2199	289		2198
2200	288		2199
2201	289		2200
2202	290		2201
2203	289		2202
2204	290		2203
2205	288		2204
2206	288		2205
2207	288		2206
2208	290		2207
2209	289		2208
2210	289		2209
2211	289		2210
2212	289		2211
2213	290		2212
2214	288		2213
2215	288		2214
2216	290		2215
2217	290		2216
2218	288		2217
2219	290		2218
2220	289		2219
2221	288		
2222	290		
2223	288		
2224	290		
2225	289		
2226	288		
2227	289		
2228	288		
2229	288		
2230	288		
2231	290		
2232	289		
2233	288		
2234	288		
2235	290		
2236	289		
2237	289		
2238	290		
2239	287		
2240	288		
2241	288		
2242	288		
2243	289		
2244	288		
2245	288		
2246	288		
2247	290		
2248	290		
2249	289		
2250	290		
2251	290		
2252	290		
2253	289		
2254	290		
2255	290		
2256	290		
2257	290		
2258	293		
2259	293		
2260	291		
2261	294		
2262	293		
2263	296		
2264	296		
2265	296		
2266	297		
2267	299		
2268	299		
2269	300		
2270	299		
2271	299		
2272	298		
2273	297		
2274	299		
2275	299		
2276	300		
2277	299		
2278	300		
2279	300		
2280	300		
2281	301		
2282	300		
2283	301		
2284	299		
2285	300		
2286	301		
2287	298		
2288	297		
2289	298		
2290	296		
2291	296		
2292	293		
2293	294		
2294	293	2293	
2295	293	2294	
2296	293	2295	
2297	293	2296	
2298	292	2297	
2299	293	2298	
2300	291	2299	
2301	291	2300	
2302	290	2301	
2303	291	2302	
2304	290	2303	
2305	291	2304	
2306	290	2305	
2307	291	2306	
2308	290	2307	
2309	290	2308	
2310	290	2309	
2311	290	2310	
2312	290	2311	
2313	290	2312	
2314	291	2313	
2315	290	2314	
2316	289	2315	
2317	290	2316	
2318	289	2317	
2319	288	2318	
2320	289	2319	
2321	290	2320	
2322	290	2321	
2323	290	2322	
2324	289	2323	
2325	290	2324	
2326	290	2325	
2327	291	2326	
2328	291	2327	
2329	290	2328	
2330	290	2329	
2331	289	2330	
2332	291	2331	
2333	291	2332	
2334	290	2333	
2335	290	2334	
2336	289	2335	
2337	290	2336	
2338	289	2337	
2339	290	2338	
2340	290	2339	
2341	290	2340	
2342	289	2341	
2343	291	2342	
2344	290	2343	
2345	288	2344	
2346	288	2345	
2347	290	2346	
2348	287	2347	
2349	287	2348	
2350	285	2349	
2351	284	2350	
2352	286	2351	
2353	283	2352	
2354	284	2353	
2355	285	2354	
2356	284	2355	
2357	282	2356	
2358	282	2357	
2359	282	2358	
2360	280	2359	
2361	281	2360	
2362	281	2361	
2363	280	2362	
2364	281	2363	
2365	281	2364	
2366	281	2365	
2367	279	2366	
2368	279	2367	
2369	278	2368	
2370	278	2369	
2371	277	2370	
2372	276	2371	
2373	276		
2374	276		
2375	277		
2376	276		
2377	277		
2378	276		
2379	276		
2380	279		
2381	279		
2382	279		
2383	279		
2384	281		
2385	283		
2386	283		
2387	283		
2388	285		
2389	285		
2390	284		
2391	285		
2392	286		
2393	286		
2394	286		
2395	288		
2396	286		
2397	287		
2398	288		
2399	287		
2400	286		
2401	290		
2402	287		
2403	288		
2404	288		
2405	288		
2406	288		
2407	289		
2408	289		
2409	289		
2410	289		
2411	290		
2412	290		
2413	290		
2414	289		
2415	290		
2416	290		
2417	292		
2418	290		
2419	289		
2420	290		
2421	291		
2422	290		
2423	291		
2424	291		
2425	288		
2426	290		
2427	290		
2428	290		
2429	290		
2430	290		
2431	291		
2432	289		
2433	290		
2434	290		
2435	290		
2436	290		
2437	289		
2438	289		
2439	289		
2440	288		
2441	290		
2442	288		
2443	289		
2444	290		
2445	290		
2446	289		
2447	290		2446
2448	289		2447
2449	288		2448
2450	288		2449
2451	290		2450
2452	290		2451
2453	288		2452
2454	288		2453
2455	288		2454
2456	290		2455
2457	288		2456
2458	288		2457
2459	288		2458
2460	288		2459
2461	288		2460
2462	289		2461
2463	289		2462
2464	290		2463
2465	290		2464
2466	290		2465
2467	291		2466
2468	290		2467
2469	289		2468
2470	290		2469
2471	291		2470
2472	290		2471
2473	290		2472
2474	290		2473
2475	290		2474
2476	290		2475
2477	290		2476
2478	290		2477
2479	290		2478
2480	290		2479
2481	290		2480
2482	290		2481
2483	289		2482
2484	289		2483
2485	290		2484
2486	290		2485
2487	290		2486
2488	290		2487
2489	290		2488
2490	289		2489
2491	290		2490
2492	289		2491
2493	290		2492
2494	290		2493
2495	289		2494
2496	287		2495
2497	288		2496
2498	289		2497
2499	288		2498
2500	289		2499
2501	290		2500
2502	289		2501
2503	287		2502
2504	287		2503
2505	289		2504
2506	289		2505
2507	290		2506
2508	289		2507
2509	287		2508
2510	288		2509
2511	290		2510
2512	289		2511
2513	290		2512
2514	288		2513
2515	290		2514
2516	290		2515
2517	290		2516
2518	290		2517
2519	289		2518
2520	290		2519
2521	289		2520
2522	290		2521
2523	290		2522
2524	290		2523
2525	290		2524
2526	290		2525
2527	291		2526
2528	290		2527
2529	289		2528
2530	289		2529
2531	288		2530
2532	290		2531
2533	289		2532
2534	291		2533
2535	289		2534
2536	290		2535
2537	289		2536
2538	289		2537
2539	289		2538
2540	290		2539
2541	288		2540
2542	288		2541
2543	290		2542
2544	290		2543
2545	290		2544
2546	290		2545
2547	288		2546
2548	290		2547
2549	289		2548
2550	290		2549
2551	290		2550
2552	289		2551
2553	288		2552
2554	289		2553
2555	287		2554
2556	288		2555
2557	290		2556
2558	290		2557
2559	288		2558
2560	289		2559
2561	290		2560
2562	288		2561
2563	288		2562
2564	288		2563
2565	288		2564
2566	288		2565
2567	288		2566
2568	287		2567
2569	288		2568
2570	286		2569
2571	288		2570
2572	287		2571
2573	287		2572
2574	287		2573
2575	288		2574
2576	288		2575
2577	288		2576
2578	290		2577
2579	290		2578
2580	288		2579
2581	290		2580
2582	289		2581
2583	289		2582
2584	289		2583
2585	288		2584
2586	290		2585
2587	288		2586
2588	289		2587
2589	288		2588
2590	288		
2591	288		
2592	288		
2593	288		
2594	290		
2595	289		
2596	289		
2597	288		
2598	288		
2599	290		
2600	289		
2601	288		
2602	290		
2603	288		
2604	290		
2605	289		
2606	289		
2607	290		
2608	289		
2609	288		
2610	289		
2611	288		
2612	288		
2613	290		
2614	290		
2615	290		
2616	290		
2617	289		
2618	290		
2619	290		
2620	290		
2621	288		
2622	288		
2623	289		
2624	290		
2625	291		
2626	291		
2627	291		
2628	293		
2629	294		
2630	294		
2631	296		
2632	297		
2633	296		
2634	296		
2635	297		
2636	298		
2637	299		
2638	297		
2639	298		
2640	300		
2641	300		
2642	299		
2643	302		
2644	302		
2645	302		
2646	304		
2647	303		
2648	303		
2649	303		
2650	302		
2651	302		
2652	302		
2653	302		
2654	300		
2655	300		
2656	301		
2657	298		
2658	299		
2659	296		
2660	297		
2661	298		
2662	295		
2663	294		
2664	293		
2665	293		
2666	294		
2667	291	2666	
2668	292	2667	
2669	292	2668	
2670	293	2669	
2671	292	2670	
2672	293	2671	
2673	290	2672	
2674	292	2673	
2675	290	2674	
2676	291	2675	
2677	290	2676	
2678	290	2677	
2679	290	2678	
2680	290	2679	
2681	289	2680	
2682	290	2681	
2683	290	2682	
2684	290	2683	
2685	290	2684	
2686	290	2685	
2687	289	2686	
2688	290	2687	
2689	289	2688	
2690	290	2689	
2691	290	2690	
2692	289	2691	
2693	289	2692	
2694	290	2693	
2695	290	2694	
2696	290	2695	
2697	289	2696	
2698	290	2697	
2699	290	2698	
2700	289	2699	
2701	290	2700	
2702	290	2701	
2703	290	2702	
2704	288	2703	
2705	290	2704	
2706	287	2705	
2707	288	2706	
2708	288	2707	
2709	287	2708	
2710	287	2709	
2711	288	2710	
2712	290	2711	
2713	289	2712	
2714	289	2713	
2715	287	2714	
2716	286	2715	
2717	286	2716	
2718	285	2717	
2719	284	2718	
2720	284	2719	
2721	283	2720	
2722	285	2721	
2723	284	2722	
2724	281	2723	
2725	282	2724	
2726	282	2725	
2727	281	2726	
2728	282	2727	
2729	280	2728	
2730	281	2729	
2731	279	2730	
2732	281	2731	
2733	279	2732	
2734	279	2733	
2735	279	2734	
2736	279	2735	
2737	279	2736	
2738	278	2737	
2739	277	2738	
2740	280	2739	
2741	279	2740	
2742	279	2741	
2743	279	2742	
2744	278	2743	
2745	277	2744	
2746	278	2745	
2747	277	2746	
2748	279	2747	
2749	280	2748	
2750	280	2749	
2751	281	2750	
2752	283	2751	
2753	282	2752	
2754	283	2753	
2755	281	2754	
2756	283		
2757	282		
2758	282		
2759	283		
2760	283		
2761	281		
2762	282		
2763	282		
2764	283		
2765	284		
2766	283		
2767	284		
2768	285		
2769	285		
2770	283		
2771	286		
2772	283		
2773	285		
2774	284		
2775	286		
2776	286		
2777	287		
2778	288		
2779	286		
2780	287		
2781	288		
2782	286		
2783	286		
2784	286		
2785	287		
2786	288		
2787	286		
2788	284		
2789	285		
2790	287		
2791	285		
2792	285		
2793	286		
2794	286		
2795	287		
2796	286		
2797	287		
2798	286		
2799	288		
2800	288		
2801	287		
2802	288		
2803	290		
2804	289		
2805	290		
2806	290		
2807	289		
2808	290		
2809	288		
2810	287		
2811	287		
2812	289		
2813	286		
2814	288		
2815	286		
2816	288		
2817	287		
2818	287		
2819	287		
2820	288		
2821	289		
2822	288		
2823	290		
2824	290		
2825	289		
2826	290		
2827	290		
2828	290		
2829	289		
2830	292		2829
2831	290		2830
2832	290		2831
2833	288		2832
2834	290		2833
2835	290		2834
2836	289		2835
2837	290		2836
2838	288		2837
2839	289		2838
2840	288		2839
2841	288		2840
2842	288		2841
2843	289		2842
2844	290		2843
2845	290		2844
2846	290		2845
2847	290		2846
2848	289		2847
2849	290		2848
2850	289		2849
2851	289		2850
2852	288		2851
2853	290		2852
2854	290		2853
2855	289		2854
2856	289		2855
2857	290		2856
2858	290		2857
2859	290		2858
2860	289		2859
2861	290		2860
2862	289		2861
2863	290		2862
2864	290		2863
2865	289		2864
2866	288		2865
2867	290		2866
2868	289		2867
2869	289		2868
2870	288		2869
2871	288		2870
2872	290		2871
2873	289		2872
2874	288		2873
2875	289		2874
2876	288		2875
2877	287		2876
2878	288		2877
2879	288		2878
2880	288		2879
2881	289		2880
2882	289		2881
2883	290		2882
2884	290		2883
2885	290		2884
2886	289		2885
2887	290		2886
2888	289		2887
2889	290		2888
2890	290		2889
2891	289		2890
2892	289		2891
2893	290		2892
2894	290		2893
2895	288		2894
2896	290		2895
2897	290		2896
2898	290		2897
2899	290		2898
2900	290		2899
2901	289		2900
2902	290		2901
2903	290		2902
2904	289		2903
2905	289		2904
2906	289		2905
2907	290		2906
2908	288		2907
2909	288		2908
2910	289		2909
2911	289		2910
2912	288		2911
2913	290		2912
2914	289		2913
2915	289		2914
2916	290		2915
2917	288		2916
2918	290		2917
2919	291		2918
2920	288		2919
2921	288		2920
2922	288		2921
2923	290		2922
2924	289		2923
2925	288		2924
2926	290		2925
2927	289		2926
2928	287		2927
2929	287		2928
2930	288		2929
2931	289		2930
2932	289		2931
2933	288		2932
2934	288		2933
2935	289		2934
2936	288		2935
2937	288		2936
2938	290		2937
2939	290		2938
2940	290		2939
2941	288		2940
2942	289		2941
2943	290		2942
2944	289		2943
2945	290		2944
2946	289		2945
2947	289		2946
2948	289		2947
2949	290		2948
2950	289		2949
2951	289		2950
2952	288		2951
2953	290		2952
2954	289		2953
2955	290		2954
2956	289		2955
2957	288		2956
2958	290		2957
2959	290		2958
2960	289		2959
2961	289		2960
2962	289		2961
2963	290		
2964	290		
2965	290		
2966	290		
2967	290		
2968	288		
2969	289		
2970	288		
2971	289		
2972	288		
2973	290		
2974	290		
2975	288		
2976	289		
2977	289		
2978	290		
2979	290		
2980	289		
2981	288		
2982	288		
2983	290		
2984	289		
2985	288		
2986	289		
2987	290		
2988	290		
2989	288		
2990	288		
2991	290		
2992	288		
2993	290		
2994	292		
2995	293		
2996	292		
2997	292		
2998	295		
2999	297		
3000	297		
3001	297		
3002	297		
3003	297		
3004	297		
3005	297		
3006	298		
3007	299		
3008	301		
3009	299		
3010	300		
3011	301		
3012	302		
3013	300		
3014	301		
3015	302		
3016	302		
3017	301		
3018	301		
3019	304		
3020	302		
3021	303		
3022	301		
3023	301		
3024	301		
3025	298		
3026	300		
3027	297		
3028	297		
3029	296		
3030	296		
3031	293		
3032	293		
3033	293		
3034	292		
3035	293	3034	
3036	290	3035	
3037	291	3036	
3038	291	3037	
3039	290	3038	
3040	290	3039	
3041	291	3040	
3042	291	3041	
3043	290	3042	
3044	290	3043	
3045	291	3044	
3046	291	3045	
3047	290	3046	
3048	290	3047	
3049	290	3048	
3050	290	3049	
3051	290	3050	
3052	291	3051	
3053	289	3052	
3054	289	3053	
3055	290	3054	
3056	288	3055	
3057	290	3056	
3058	289	3057	
3059	287	3058	
3060	290	3059	
3061	290	3060	
3062	291	3061	
3063	289	3062	
3064	288	3063	
3065	290	3064	
3066	289	3065	
3067	290	3066	
3068	290	3067	
3069	288	3068	
3070	290	3069	
3071	290	3070	
3072	290	3071	
3073	289	3072	
3074	290	3073	
3075	288	3074	
3076	290	3075	
3077	290	3076	
3078	291	3077	
3079	290	3078	
3080	290	3079	
3081	290	3080	
3082	288	3081	
3083	289	3082	
3084	291	3083	
3085	290	3084	
3086	288	3085	
3087	287	3086	
3088	286	3087	
3089	287	3088	
3090	285	3089	
3091	284	3090	
3092	285	3091	
3093	284	3092	
3094	283	3093	
3095	283	3094	
3096	283	3095	
3097	282	3096	
3098	283	3097	
3099	283	3098	
3100	282	3099	
3101	281	3100	
3102	282	3101	
3103	279	3102	
3104	279	3103	
3105	281	3104	
3106	280	3105	
3107	280	3106	
3108	277	3107	
3109	277	3108	
3110	275	3109	
3111	276	3110	
3112	276	3111	
3113	276	3112	
3114	275	3113	
3115	276	3114	
3116	276	3115	
3117	278	3116	
3118	279	3117	
3119	280	3118	
3120	279		
3121	280		
3122	281		
3123	281		
3124	283		
3125	283		
3126	283		
3127	284		
3128	283		
3129	284		
3130	282		
3131	284		
3132	284		
3133	285		
3134	286		
3135	284		
3136	285		
3137	285		
3138	285		
3139	284		
3140	286		
3141	285		
3142	288		
3143	286		
3144	287		
3145	286		
3146	286		
3147	288		
3148	286		
3149	287		
3150	288		
3151	286		
3152	286		
3153	286		
3154	288		
3155	287		
3156	286		
3157	286		
3158	287		
3159	288		
3160	286		
3161	288		
3162	287		
3163	286		
3164	287		
3165	288		
3166	288		
3167	287		
3168	287		
3169	289		
3170	288		
3171	288		
3172	287		
3173	289		
3174	289		
3175	288		
3176	288		
3177	289		
3178	289		
3179	289		
3180	288		
3181	288		
3182	288		
3183	290		
3184	290		
3185	290		
3186	288		
3187	289		
3188	289		
3189	290		
3190	289		
3191	290		
3192	288		
3193	288		3192
3194	288		3193
3195	288		3194
3196	289		3195
3197	290		3196
3198	288		3197
3199	290		3198
3200	290		3199
3201	290		3200
3202	290		3201
3203	289		3202
3204	290		3203
3205	290		3204
3206	287		3205
3207	290		3206
3208	289		3207
3209	290		3208
3210	287		3209
3211	288		3210
3212	288		3211
3213	288		3212
3214	288		3213
3215	288		3214
3216	290		3215
3217	287		3216
3218	290		3217
3219	288		3218
3220	290		3219
3221	289		3220
3222	289		3221
3223	289		3222
3224	288		3223
3225	287		3224
3226	287		3225
3227	287		3226
3228	289		3227
3229	287		3228
3230	288		3229
3231	286		3230
3232	288		3231
3233	287		3232
3234	289		3233
3235	288		3234
3236	288		3235
3237	286		3236
3238	289		3237
3239	286		3238
3240	288		3239
3241	288		3240
3242	287		3241
3243	287		3242
3244	290		3243
3245	287		3244
3246	289		3245
3247	288		3246
3248	290		3247
3249	288		3248
3250	288		3249
3251	289		3250
3252	289		3251
3253	289		3252
3254	289		3253
3255	289		3254
3256	289		3255
3257	290		3256
3258	289		3257
3259	288		3258
3260	289		3259
3261	289		3260
3262	289		3261
3263	289		3262
3264	289		3263
3265	290		3264
3266	288		3265
3267	288		3266
3268	290		3267
3269	290		3268
3270	289		3269
3271	289		3270
3272	289		3271
3273	289		3272
3274	287		3273
3275	288		3274
3276	288		3275
3277	290		3276
3278	288		3277
3279	288		3278
3280	288		3279
3281	290		3280
3282	288		3281
3283	290		3282
3284	290		3283
3285	288		3284
3286	290		3285
3287	286		3286
3288	288		3287
3289	288		3288
3290	290		3289
3291	288		3290
3292	288		3291
3293	288		3292
3294	288		3293
3295	287		3294
3296	289		3295
3297	290		3296
3298	288		3297
3299	288		3298
3300	288		3299
3301	288		3300
3302	289		3301
3303	289		3302
3304	290		3303
3305	289		3304
3306	287		3305
3307	289		3306
3308	290		3307
3309	288		3308
3310	289		3309
3311	289		3310
3312	290		3311
3313	289		3312
3314	290		3313
3315	288		3314
3316	287		3315
3317	288		3316
3318	287		3317
3319	288		3318
3320	289		3319
3321	286		3320
3322	286		3321
3323	286		3322
3324	288		3323
3325	287		3324
3326	288		
3327	286		
3328	286		
3329	287		
3330	287		
3331	288		
3332	288		
3333	285		
3334	286		
3335	286		
3336	285		
3337	285		
3338	286		
3339	286		
3340	287		
3341	286		
3342	288		
3343	287		
3344	289		
3345	287		
3346	288		
3347	286		
3348	287		
3349	287		
3350	288		
3351	287		
3352	288		
3353	287		
3354	287		
3355	288		
3356	288		
3357	290		
3358	287		
3359	287		
3360	286		
3361	290		
3362	288		
3363	290		
3364	290		
3365	292		
3366	292		
3367	292		
3368	293		
3369	293		
3370	295		
3371	297		
3372	297		
3373	297		
3374	297		
3375	298		
3376	298		
3377	299		
3378	299		
3379	299		
3380	298		
3381	301		
3382	300		
3383	300		
3384	302		
3385	303		
3386	300		
3387	302		
3388	300		
3389	301		
3390	300		
3391	301		
3392	299		
3393	297		
3394	296		
3395	297		
3396	296		
3397	297		
3398	297		
3399	294		
3400	293	3399	
3401	292	3400	
3402	290	3401	
3403	291	3402	
3404	291	3403	
3405	290	3404	
3406	290	3405	
3407	290	3406	
3408	291	3407	
3409	290	3408	
3410	291	3409	
3411	290	3410	
3412	290	3411	
3413	290	3412	
3414	290	3413	
3415	290	3414	
3416	291	3415	
3417	290	3416	
3418	289	3417	
3419	290	3418	
3420	289	3419	
3421	288	3420	
3422	288	3421	
3423	289	3422	
3424	290	3423	
3425	290	3424	
3426	288	3425	
3427	290	3426	
3428	290	3427	
3429	291	3428	
3430	289	3429	
3431	290	3430	
3432	290	3431	
3433	290	3432	
3434	290	3433	
3435	290	3434	
3436	290	3435	
3437	290	3436	
3438	290	3437	
3439	290	3438	
3440	290	3439	
3441	290	3440	
3442	290	3441	
3443	288	3442	
3444	288	3443	
3445	289	3444	
3446	287	3445	
3447	287	3446	
3448	287	3447	
3449	288	3448	
3450	290	3449	
3451	289	3450	
3452	289	3451	
3453	289	3452	
3454	287	3453	
3455	286	3454	
3456	284	3455	
3457	286	3456	
3458	284	3457	
3459	283	3458	
3460	284	3459	
3461	283	3460	
3462	283	3461	
3463	281	3462	
3464	283	3463	
3465	281	3464	
3466	281	3465	
3467	281	3466	
3468	281	3467	
3469	281	3468	
3470	280	3469	
3471	281	3470	
3472	279	3471	
3473	277	3472	
3474	277	3473	
3475	278	3474	
3476	278	3475	
3477	279	3476	
3478	278	3477	
3479	277	3478	
3480	278	3479	
3481	277	3480	
3482	276	3481	
3483	276	3482	
3484	277	3483	
3485	279	3484	
3486	278	3485	
3487	279		
3488	279		
3489	281		
3490	281		
3491	283		
3492	281		
3493	282		
3494	284		
3495	285		
3496	284		
3497	284		
3498	284		
3499	285		
3500	284		
3501	284		
3502	285		
3503	286		
3504	283		
3505	284		
3506	285		
3507	284		
3508	286		
3509	285		
3510	285		
3511	286		
3512	285		
3513	287		
3514	288		
3515	285		
3516	287		
3517	285		
3518	288		
3519	288		
3520	288		
3521	287		
3522	287		
3523	287		
3524	288		
3525	289		
3526	288		
3527	288		
3528	288		
3529	288		
3530	287		
3531	287		
3532	288		
3533	287		
3534	288		
3535	288		
3536	289		
3537	288		
3538	287		
3539	289		
3540	287		
3541	287		
3542	288		
3543	287		
3544	288		
3545	287		
3546	288		
3547	288		
3548	288		
3549	290		
3550	288		
3551	290		
3552	288		
3553	288		3552
3554	288		3553
3555	286		3554
3556	288		3555
3557	287		3556
3558	286		3557
3559	289		3558
3560	286		3559
3561	286		3560
3562	287		3561
3563	287		3562
3564	288		3563
3565	288		3564
3566	290		3565
3567	289		3566
3568	288		3567
3569	287		3568
3570	288		3569
3571	286		3570
3572	289		3571
3573	287		3572
3574	288		3573
3575	289		3574
3576	287		3575
3577	289		3576
3578	288		3577
3579	290		3578
3580	288		3579
3581	288		3580
3582	289		3581
3583	290		3582
3584	289		3583
3585	290		3584
3586	289		3585
3587	290		3586
3588	288		3587
3589	289		3588
3590	288		3589
3591	286		3590
3592	288		3591
3593	289		3592
3594	289		3593
3595	290		3594
3596	286		3595
3597	287		3596
3598	289		3597
3599	286		3598
3600	286		3599
3601	286		3600
3602	286		3601
3603	287		3602
3604	287		3603
3605	287		3604
3606	290		3605
3607	286		3606
3608	289		3607
3609	290		3608
3610	287		3609
3611	287		3610
3612	288		3611
3613	288		3612
3614	288		3613
3615	288		3614
3616	289		3615
3617	289		3616
3618	288		3617
3619	288		3618
3620	288		3619
3621	289		3620
3622	289		3621
3623	287		3622
3624	289		3623
3625	289		3624
3626	289		3625
3627	287		3626
3628	288		3627
3629	288		3628
3630	286		3629
3631	287		3630
3632	288		3631
3633	288		3632
3634	286		3633
3635	286		3634
3636	288		3635
3637	289		3636
3638	288		3637
3639	288		3638
3640	287		3639
3641	288		3640
3642	290		3641
3643	288		3642
3644	287		3643
3645	286		3644
3646	286		3645
3647	287		3646
3648	289		3647
3649	286		3648
3650	285		3649
3651	285		3650
3652	286		3651
3653	286		3652
3654	288		3653
3655	286		3654
3656	287		3655
3657	287		3656
3658	286		3657
3659	286		3658
3660	288		3659
3661	286		3660
3662	287		
3663	288		
3664	288		
3665	288		
3666	288		
3667	290		
3668	290		
3669	288		
3670	287		
3671	288		
3672	289		
3673	288		
3674	289		
3675	290		
3676	290		
3677	288		
3678	290		
3679	289		
3680	290		
3681	287		
3682	290		
3683	289		
3684	289		
3685	290		
3686	290		
3687	290		
3688	290		
3689	290		
3690	290		
3691	290		
3692	290		
3693	291		
3694	292		
3695	294		
3696	294		
3698	297		
