1	300	300	
2	299	299	
3	300	300	
4	300	300	
5	300	300	
6	299	299	
7	299	299	
8	299	299	
9	299	299	
10	300	300	
11	299	299	
12	299	299	
13	299	299	
14	298	298	
15	300	300	
16	299	299	
17	299	299	
18	298	298	
19	298	298	
20	297	297	
21	298	298	
22	298	298	
23	299	299	
24	298	298	
25	298	298	
26	300	300	
27	298	298	
28	298	298	
29	299	299	
30	298	298	
31	299	299	
32	299	299	
33	300	300	
34	299	299	
35	299	299	
36	296	296	
37	298	298	
38	299	299	
39	298	298	
40	299	299	
41	299	299	
42	299	299	
43	298	298	
44	298	298	
45	299	299	
46	301	301	
47	298	298	
48	298	298	
49	299	299	
50	297	297	
51	299	299	
52	298	298	
53	298	298	
54	300	300	
55	299	299	
56	301	301	
57	299	299	
58	298	298	
59	300	300	
60	299	299	
61	300	300	
62	300	300	
63	298	298	
64	298	298	
65	299	299	
66	299	299	
67	300	300	
68	300	300	
69	300	300	
70	301	301	
71	300	300	
72	298	298	
73	299	299	
74	298	298	
75	300	300	
76	300	300	
77	300	300	
78	301	301	
79	300	300	
80	299	299	
81	299	299	
82	298	298	
83	299	299	
84	298	298	
85	298	298	
86	298	298	
87	298	298	
88	299	299	
89	299	299	
90	298	298	
91	298	298	
92	298	298	
93	298	298	
94	297	297	
95	298	298	
96	296	296	
97	298	298	
98	298	298	
99	296	296	
100	296	296	
101	298	298	
102	297	297	
103	297	297	
104	298	298	
105	299	299	
106	298	298	
107	299	299	
108	298	298	
109	299	299	
110	298	298	
111	298	298	
112	298	298	
113	297	297	
114	299	299	
115	298	298	
116	299	299	
117	299	299	
118	297	297	
119	298	298	
120	297	297	
121	298	298	
122	298	298	
123	296	296	
124	297	297	
125	298	298	
126	299	299	
127	298	298	
128	298	298	
129	297	297	
130	298	298	
131	298	298	
132	296	296	
133	298	298	
134	298	298	
135	298	298	
136	297	297	
137	298	298	
138	299	299	
139	298	298	
140	299	299	
141	299	299	
142	299	299	
143	299	299	
144	298	298	
145	299	299	
146	298	298	
147	298	298	
148	298	298	
149	298	298	
150	296	296	
151	297	297	
152	298	298	
153	298	298	
154	298	298	
155	298	298	
156	299	299	
157	298	298	
158	299	299	
159	298	298	
160	299	299	
161	298	298	
162	298	298	
163	299	299	
164	299	299	
165	298	298	
166	298	298	
167	299	299	
168	299	299	
169	299	299	
170	297	297	
171	298	298	
172	299	299	
173	300	300	
174	299	299	
175	299	299	
176	299	299	
177	301	301	
178	299	299	
179	298	298	
180	300	300	
181	299	299	
182	298	298	
183	301	301	
184	298	298	
185	299	299	
186	299	299	
187	299	299	
188	298	298	
189	299	299	
190	298	298	
191	298	298	
192	301	301	
193	299	299	
194	299	299	
195	298	298	
196	300	300	
197	299	299	
198	299	299	
199	297	297	
200	297	297	
201	296	296	
202	295	295	
203	295	295	
204	292	292	
205	291	291	
206	292	292	
207	291	291	
208	290	290	
209	290	290	
210	290	290	
211	288	288	
212	289	289	
213	288	288	
214	289	289	
215	287	287	
216	288	288	
217	288	288	
218	286	286	
219	287	287	
220	286	286	
221	285	285	
222	285		
223	285		
224	284		
225	284		
226	283		
227	284		
228	284		
229	284		
230	284		
231	285		
232	287		
233	287		
234	288		
235	287		
236	289		
237	289		
238	289		
239	290		
240	291		
241	290		
242	293		
243	293		
244	293		
245	293		
246	294		
247	293		293
248	294		294
249	293		293
250	293		293
251	294		294
252	294		294
253	295		295
254	294		294
255	293		293
256	295		295
257	294		294
258	293		293
259	294		294
260	295		295
261	295		295
262	296		296
263	296		296
264	296		296
265	296		296
266	296		296
267	297		297
268	295		295
269	296		296
270	297		297
271	296		296
272	297		297
273	298		298
274	296		296
275	296		296
276	296		296
277	298		298
278	298		298
279	297		297
280	298		298
281	297		297
282	298		298
283	299		299
284	297		297
285	298		298
286	298		298
287	298		298
288	298		298
289	299		299
290	298		298
291	298		298
292	297		297
293	299		299
294	299		299
295	299		299
296	296		296
297	298		298
298	299		299
299	298		298
300	298		298
301	298		298
302	299		299
303	299		299
304	298		298
305	301		301
306	300		300
307	298		298
308	298		298
309	299		299
310	299		299
311	300		300
312	300		300
313	298		298
314	299		299
315	298		298
316	299		299
317	298		298
318	299		299
319	298		298
320	298		298
321	300		300
322	298		298
323	299		299
324	300		300
325	298		298
326	299		299
327	299		299
328	299		299
329	299		299
330	299		299
331	298		298
332	298		298
333	298		298
334	298		298
335	299		299
336	299		299
337	299		299
338	298		298
339	299		299
340	298		298
341	298		298
342	298		298
343	297		297
344	298		298
345	299		299
346	299		299
347	297		297
348	299		299
349	298		298
350	298		298
351	298		298
352	299		299
353	299		299
354	299		299
355	299		299
356	300		300
357	301		301
358	298		298
359	300		300
360	299		299
361	300		300
362	300		300
363	300		300
364	299		299
365	300		300
366	298		298
367	300		300
368	298		298
369	298		298
370	300		300
371	299		299
372	298		298
373	299		299
374	300		300
375	298		298
376	298		298
377	298		298
378	299		299
379	299		299
380	299		299
381	298		298
382	299		299
383	299		299
384	299		299
385	298		298
386	297		297
387	298		298
388	299		299
389	299		299
390	299		299
391	299		299
392	299		299
393	298		298
394	299		299
395	298		298
396	299		299
397	298		298
398	299		299
399	298		298
400	299		299
401	299		299
402	300		300
403	299		299
404	300		300
405	300		300
406	299		299
407	299		299
408	298		298
409	298		298
410	298		298
411	299		299
412	298		298
413	298		298
414	298		298
415	298		298
416	297		297
417	298		298
418	298		298
419	298		298
420	298		298
421	297		297
422	298		298
423	297		297
424	298		298
425	298		298
426	299		299
427	298		298
428	299		299
429	297		297
430	298		298
431	298		298
432	296		296
433	297		297
434	298		298
435	298		298
436	298		298
437	298		298
438	297		297
439	296		296
440	297		297
441	299		299
442	299		299
443	297		297
444	298		298
445	299		299
446	298		298
447	298		298
448	299		299
449	298		298
450	298		298
451	298		298
452	297		297
453	296		296
454	298		298
455	297		297
456	297		297
457	297		297
458	296		296
459	298		298
460	298		298
461	299		299
462	299		299
463	298		298
464	298		298
465	298		298
466	298		
467	297		
468	297		
469	296		
470	298		
471	299		
472	298		
473	297		
474	298		
475	298		
476	298		
477	299		
478	302		
479	301		
480	301		
481	302		
482	303		
483	304		
484	306		
485	305		
486	306		
487	307		
488	308		
489	308		
490	309		
491	311		
492	309		309
493	312		
494	312	312	
495	314	314	
496	313	313	
497	314	314	
498	312	312	
499	313	313	
500	314	314	
501	314	314	
502	314	314	
503	315	315	
504	316	316	
505	314	314	
506	315	315	
507	313	313	
508	311	311	
509	309	309	
510	309	309	
511	308	308	
512	308	308	
513	308	308	
514	308	308	
515	307	307	
516	305	305	
517	305	305	
518	305	305	
519	304	304	
520	302	302	
521	302	302	
522	301	301	
523	300	300	
524	302	302	
525	302	302	
526	299	299	
527	301	301	
528	300	300	
529	299	299	
530	299	299	
531	300	300	
532	299	299	
533	299	299	
534	299	299	
535	299	299	
536	300	300	
537	300	300	
538	298	298	
539	298	298	
540	299	299	
541	298	298	
542	299	299	
543	298	298	
544	299	299	
545	299	299	
546	298	298	
547	298	298	
548	298	298	
549	298	298	
550	298	298	
551	298	298	
552	300	300	
553	299	299	
554	300	300	
555	298	298	
556	298	298	
557	299	299	
558	299	299	
559	299	299	
560	298	298	
561	299	299	
562	298	298	
563	298	298	
564	299	299	
565	298	298	
566	299	299	
567	298	298	
568	298	298	
569	297	297	
570	299	299	
571	296	296	
572	293	293	
573	293	293	
574	292	292	
575	292	292	
576	291	291	
577	291	291	
578	291	291	
579	290	290	
580	288	288	
581	289	289	
582	288	288	
583	288	288	
584	288	288	
585	288	288	
586	288	288	
587	286	286	
588	287	287	
589	286	286	
590	288	288	
591	286	286	
592	286	286	
593	285	285	
594	283	283	
595	283	283	
596	284	284	
597	284	284	
598	284	284	
599	285	285	
600	287	287	
601	285	285	
602	288	288	
603	288	288	
604	289		
605	289		
606	289		
607	290		
608	291		
609	291		
610	290		
611	291		
612	291		
613	291		
614	293		
615	292		
616	292		
617	293		293
618	295		295
619	293		293
620	294		294
621	295		295
622	295		295
623	294		294
624	294		294
625	296		296
626	294		294
627	296		296
628	296		296
629	296		296
630	297		297
631	296		296
632	296		296
633	298		298
634	296		296
635	297		297
636	295		295
637	296		296
638	296		296
639	297		297
640	298		298
641	299		299
642	298		298
643	298		298
644	298		298
645	298		298
646	297		297
647	298		298
648	299		299
649	298		298
650	300		300
651	299		299
652	299		299
653	298		298
654	298		298
655	298		298
656	297		297
657	298		298
658	297		297
659	298		298
660	298		298
661	298		298
662	297		297
663	297		297
664	299		299
665	300		300
666	298		298
667	299		299
668	299		299
669	299		299
670	299		299
671	298		298
672	299		299
673	299		299
674	299		299
675	300		300
676	302		302
677	298		298
678	299		299
679	299		299
680	300		300
681	300		300
682	300		300
683	298		298
684	298		298
685	299		299
686	298		298
687	298		298
688	298		298
689	299		299
690	298		298
691	299		299
692	300		300
693	299		299
694	298		298
695	299		299
696	299		299
697	301		301
698	299		299
699	299		299
700	299		299
701	299		299
702	299		299
703	299		299
704	298		298
705	298		298
706	298		298
707	299		299
708	301		301
709	299		299
710	298		298
711	299		299
712	298		298
713	298		298
714	299		299
715	299		299
716	299		299
717	299		299
718	299		299
719	298		298
720	298		298
721	298		298
722	298		298
723	299		299
724	298		298
725	297		297
726	298		298
727	298		298
728	298		298
729	298		298
730	299		299
731	297		297
732	299		299
733	299		299
734	298		298
735	299		299
736	298		298
737	298		298
738	299		299
739	298		298
740	299		299
741	297		297
742	299		299
743	298		298
744	298		298
745	298		298
746	299		299
747	298		298
748	299		299
749	300		300
750	300		300
751	299		299
752	299		299
753	298		298
754	298		298
755	298		298
756	298		298
757	299		299
758	298		298
759	298		298
760	298		298
761	298		298
762	298		298
763	298		298
764	298		298
765	299		299
766	298		298
767	298		298
768	300		300
769	300		300
770	299		299
771	298		298
772	298		298
773	298		298
774	298		298
775	299		299
776	298		298
777	299		299
778	298		298
779	298		298
780	299		299
781	300		300
782	298		298
783	297		297
784	299		299
785	299		299
786	298		298
787	299		299
788	300		300
789	297		297
790	300		300
791	299		299
792	298		298
793	298		298
794	299		299
795	299		299
796	298		298
797	299		299
798	300		300
799	299		299
800	299		299
801	298		298
802	298		298
803	297		297
804	298		298
805	299		299
806	297		297
807	298		298
808	298		298
809	297		297
810	300		300
811	299		299
812	298		298
813	299		299
814	298		298
815	298		298
816	299		299
817	299		299
818	300		300
819	298		298
820	300		300
821	299		299
822	299		299
823	299		299
824	299		299
825	299		299
826	300		300
827	300		300
828	300		300
829	299		299
830	298		298
831	301		301
832	299		299
833	300		300
834	299		299
835	299		299
836	299		299
837	299		299
838	299		299
839	299		
840	298		
841	298		
842	300		
843	297		
844	298		
845	300		
846	301		
847	302		
848	303		
849	303		
850	305		
851	305		
852	306		
853	306		
854	308		
855	309		
856	308		
857	309		
858	310		
859	309		
860	313		
861	311		
862	314		
863	315		
864	314	314	
865	314	314	
866	314	314	
867	315	315	
868	316	316	
869	314	314	
870	314	314	
871	316	316	
872	314	314	
873	315	315	
874	314	314	
875	313	313	
876	311	311	
877	310	310	
878	309	309	
879	308	308	
880	308	308	
881	308	308	
882	306	306	
883	306	306	
884	305	305	
885	305	305	
886	304	304	
887	302	302	
888	302	302	
889	301	301	
890	302	302	
891	301	301	
892	301	301	
893	301	301	
894	299	299	
895	299	299	
896	300	300	
897	299	299	
898	299	299	
899	300	300	
900	299	299	
901	298	298	
902	299	299	
903	299	299	
904	300	300	
905	299	299	
906	300	300	
907	299	299	
908	300	300	
909	299	299	
910	298	298	
911	300	300	
912	300	300	
913	299	299	
914	298	298	
915	298	298	
916	298	298	
917	297	297	
918	297	297	
919	299	299	
920	298	298	
921	297	297	
922	299	299	
923	299	299	
924	297	297	
925	298	298	
926	298	298	
927	299	299	
928	297	297	
929	298	298	
930	297	297	
931	298	298	
932	299	299	
933	298	298	
934	299	299	
935	297	297	
936	296	296	
937	295	295	
938	295	295	
939	295	295	
940	293	293	
941	294	294	
942	292	292	
943	292	292	
944	292	292	
945	291	291	
946	291	291	
947	290	290	
948	290	290	
949	289	289	
950	290	290	
951	289	289	
952	290	290	
953	288	288	
954	288	288	
955	288	288	
956	289	289	
957	287	287	
958	286	286	
959	285	285	
960	283	283	
961	284	284	
962	284	284	
963	283	283	
964	284	284	
965	284	284	
966	283	283	
967	284	284	
968	285	285	
969	286	286	
970	287	287	
971	289	289	
972	288	288	
973	289		
974	290		
975	290		
976	291		
977	292		
978	292		
979	291		
980	294		
981	292		
982	294		
983	293		
984	295		
985	293		
986	296		296
987	294		294
988	294		294
989	295		295
990	297		297
991	294		294
992	295		295
993	295		295
994	294		294
995	295		295
996	294		294
997	295		295
998	297		297
999	296		296
1000	297		297
1001	297		297
1002	295		295
1003	296		296
1004	297		297
1005	297		297
1006	295		295
1007	297		297
1008	296		296
1009	296		296
1010	296		296
1011	298		298
1012	297		297
1013	297		297
1014	298		298
1015	297		297
1016	296		296
1017	296		296
1018	297		297
1019	296		296
1020	296		296
1021	297		297
1022	298		298
1023	298		298
1024	298		298
1025	297		297
1026	298		298
1027	299		299
1028	298		298
1029	296		296
1030	298		298
1031	298		298
1032	298		298
1033	298		298
1034	299		299
1035	298		298
1036	299		299
1037	299		299
1038	299		299
1039	298		298
1040	299		299
1041	299		299
1042	298		298
1043	298		298
1044	297		297
1045	298		298
1046	298		298
1047	298		298
1048	298		298
1049	298		298
1050	298		298
1051	299		299
1052	300		300
1053	299		299
1054	299		299
1055	300		300
1056	299		299
1057	297		297
1058	299		299
1059	298		298
1060	299		299
1061	299		299
1062	298		298
1063	298		298
1064	299		299
1065	299		299
1066	300		300
1067	298		298
1068	300		300
1069	299		299
1070	299		299
1071	299		299
1072	298		298
1073	300		300
1074	299		299
1075	298		298
1076	299		299
1077	299		299
1078	299		299
1079	299		299
1080	298		298
1081	298		298
1082	298		298
1083	297		297
1084	298		298
1085	298		298
1086	297		297
1087	297		297
1088	296		296
1089	297		297
1090	297		297
1091	296		296
1092	297		297
1093	296		296
1094	296		296
1095	298		298
1096	297		297
1097	297		297
1098	297		297
1099	297		297
1100	298		298
1101	297		297
1102	297		297
1103	297		297
1104	299		299
1105	299		299
1106	299		299
1107	298		298
1108	296		296
1109	298		298
1110	297		297
1111	298		298
1112	298		298
1113	298		298
1114	298		298
1115	299		299
1116	298		298
1117	298		298
1118	297		297
1119	298		298
1120	296		296
1121	298		298
1122	298		298
1123	298		298
1124	298		298
1125	296		296
1126	298		298
1127	296		296
1128	298		298
1129	297		297
1130	298		298
1131	298		298
1132	298		298
1133	299		299
1134	299		299
1135	298		298
1136	298		298
1137	298		298
1138	298		298
1139	299		299
1140	297		297
1141	298		298
1142	299		299
1143	298		298
1144	297		297
1145	297		297
1146	298		298
1147	298		298
1148	297		297
1149	297		297
1150	296		296
1151	298		298
1152	297		297
1153	298		298
1154	297		297
1155	298		298
1156	298		298
1157	296		296
1158	298		298
1159	298		298
1160	298		298
1161	298		298
1162	297		297
1163	298		298
1164	297		297
1165	298		298
1166	298		298
1167	298		298
1168	298		298
1169	298		298
1170	296		296
1171	297		297
1172	297		297
1173	298		298
1174	298		298
1175	298		298
1176	297		297
1177	297		297
1178	298		298
1179	298		298
1180	298		298
1181	296		296
1182	297		297
1183	298		298
1184	297		297
1185	298		298
1186	298		298
1187	298		298
1188	297		297
1189	297		297
1190	298		298
1191	299		299
1192	297		297
1193	297		297
1194	298		298
1195	298		298
1196	297		297
1197	298		298
1198	296		296
1199	298		298
1200	298		298
1201	298		298
1202	298		298
1203	299		299
1204	298		298
1205	298		298
1206	298		298
1207	299		299
1208	297		
1209	299		
1210	298		
1211	297		
1212	298		
1213	299		
1214	299		
1215	302		
1216	302		
1217	303		
1218	302		
1219	305		
1220	304		
1221	306		
1222	308		
1223	308		
1224	308		
1225	311		
1226	309		
1227	310		
1228	313		
1229	313		
1230	313		
1231	313		
1232	314		
1233	315	315	
1234	314	314	
1235	315	315	
1236	314	314	
1237	315	315	
1238	315	315	
1239	315	315	
1240	314	314	
1241	314	314	
1242	315	315	
1243	316	316	
1244	313	313	
1245	311	311	
1246	311	311	
1247	310	310	
1248	309	309	
1249	308	308	
1250	308	308	
1251	305	305	
1252	304	304	
1253	304	304	
1254	303	303	
1255	303	303	
1256	303	303	
1257	304	304	
1258	302	302	
1259	302	302	
1260	302	302	
1261	303	303	
1262	302	302	
1263	301	301	
1264	299	299	
1265	300	300	
1266	300	300	
1267	299	299	
1268	300	300	
1269	302	302	
1270	299	299	
1271	299	299	
1272	300	300	
1273	298	298	
1274	300	300	
1275	297	297	
1276	299	299	
1277	298	298	
1278	298	298	
1279	298	298	
1280	298	298	
1281	299	299	
1282	298	298	
1283	298	298	
1284	297	297	
1285	298	298	
1286	297	297	
1287	298	298	
1288	298	298	
1289	298	298	
1290	296	296	
1291	296	296	
1292	297	297	
1293	297	297	
1294	298	298	
1295	298	298	
1296	298	298	
1297	298	298	
1298	300	300	
1299	299	299	
1300	300	300	
1301	299	299	
1302	298	298	
1303	299	299	
1304	299	299	
1305	299	299	
1306	297	297	
1307	296	296	
1308	297	297	
1309	296	296	
1310	295	295	
1311	294	294	
1312	294	294	
1313	292	292	
1314	293	293	
1315	291	291	
1316	291	291	
1317	293	293	
1318	291	291	
1319	291	291	
1320	289	289	
1321	288	288	
1322	289	289	
1323	290	290	
1324	288	288	
1325	289	289	
1326	286	286	
1327	288	288	
1328	288	288	
1329	284	284	
1330	285	285	
1331	285	285	
1332	285	285	
1333	285	285	
1334	285	285	
1335	286		
1336	286		
1337	287		
1338	287		
1339	289		
1340	289		
1341	288		
1342	290		
1343	292		
1344	292		
1345	292		
1346	290		
1347	293		
1348	293	293	
1349	293		
1350	293		
1351	293		
1352	294		294
1353	293		293
1354	293		293
1355	294		294
1356	295		295
1357	294		294
1358	296		296
1359	295		295
1360	295		295
1361	296		296
1362	296		296
1363	296		296
1364	295		295
1365	296		296
1366	294		294
1367	296		296
1368	296		296
1369	297		297
1370	298		298
1371	296		296
1372	295		295
1373	298		298
1374	297		297
1375	296		296
1376	297		297
1377	298		298
1378	297		297
1379	297		297
1380	296		296
1381	297		297
1382	297		297
1383	297		297
1384	297		297
1385	296		296
1386	298		298
1387	297		297
1388	298		298
1389	298		298
1390	299		299
1391	298		298
1392	299		299
1393	298		298
1394	296		296
1395	298		298
1396	297		297
1397	299		299
1398	298		298
1399	298		298
1400	298		298
1401	299		299
1402	298		298
1403	299		299
1404	298		298
1405	298		298
1406	298		298
1407	298		298
1408	299		299
1409	297		297
1410	296		296
1411	298		298
1412	299		299
1413	299		299
1414	298		298
1415	297		297
1416	298		298
1417	299		299
1418	297		297
1419	298		298
1420	297		297
1421	298		298
1422	297		297
1423	297		297
1424	298		298
1425	299		299
1426	298		298
1427	299		299
1428	298		298
1429	299		299
1430	298		298
1431	297		297
1432	299		299
1433	298		298
1434	297		297
1435	299		299
1436	298		298
1437	297		297
1438	298		298
1439	297		297
1440	297		297
1441	296		296
1442	297		297
1443	297		297
1444	299		299
1445	297		297
1446	297		297
1447	298		298
1448	298		298
1449	297		297
1450	297		297
1451	296		296
1452	297		297
1453	298		298
1454	296		296
1455	298		298
1456	296		296
1457	298		298
1458	296		296
1459	298		298
1460	298		298
1461	296		296
1462	298		298
1463	297		297
1464	296		296
1465	297		297
1466	299		299
1467	298		298
1468	296		296
1469	298		298
1470	297		297
1471	298		298
1472	298		298
1473	298		298
1474	298		298
1475	299		299
1476	300		300
1477	299		299
1478	297		297
1479	298		298
1480	298		298
1481	298		298
1482	299		299
1483	298		298
1484	299		299
1485	299		299
1486	299		299
1487	298		298
1488	299		299
1489	298		298
1490	298		298
1491	300		300
1492	298		298
1493	298		298
1494	298		298
1495	298		298
1496	298		298
1497	298		298
1498	297		297
1499	296		296
1500	298		298
1501	298		298
1502	298		298
1503	298		298
1504	299		299
1505	298		298
1506	297		297
1507	298		298
1508	298		298
1509	298		298
1510	297		297
1511	297		297
1512	297		297
1513	299		299
1514	298		298
1515	298		298
1516	298		298
1517	298		298
1518	299		299
1519	298		298
1520	298		298
1521	297		297
1522	298		298
1523	299		299
1524	298		298
1525	299		299
1526	298		298
1527	298		298
1528	298		298
1529	298		298
1530	296		296
1531	297		297
1532	298		298
1533	298		298
1534	298		298
1535	298		298
1536	298		298
1537	298		298
1538	296		296
1539	298		298
1540	298		298
1541	297		297
1542	298		298
1543	298		298
1544	297		297
1545	299		299
1546	298		298
1547	297		297
1548	298		298
1549	298		298
1550	298		298
1551	298		298
1552	298		298
1553	296		296
1554	299		299
1555	298		298
1556	299		299
1557	298		298
1558	298		298
1559	299		299
1560	298		298
1561	298		298
1562	299		299
1563	298		298
1564	298		298
1565	298		298
1566	299		299
1567	298		298
1568	299		299
1569	298		298
1570	298		298
1571	298		298
1572	298		298
1573	298		298
1574	299		
1575	300		
1576	298		
1577	298		
1578	299		
1579	299		
1580	298		
1581	299		
1582	300		
1583	300		
1584	302		
1585	302		
1586	304		
1587	304		
1588	304		
1589	306		
1590	309		
1591	308		
1592	308		
1593	308		
1594	309		
1595	311		
1596	310		
1597	311		
1598	311		
1599	312	312	
1600	311	311	
1601	313	313	
1602	314	314	
1603	314	314	
1604	313	313	
1605	314	314	
1606	314	314	
1607	315	315	
1608	314	314	
1609	313	313	
1610	314	314	
1611	314	314	
1612	314	314	
1613	311	311	
1614	310	310	
1615	309	309	
1616	308	308	
1617	308	308	
1618	308	308	
1619	306	306	
1620	305	305	
1621	304	304	
1622	304	304	
1623	304	304	
1624	302	302	
1625	303	303	
1626	304	304	
1627	303	303	
1628	302	302	
1629	301	301	
1630	301	301	
1631	301	301	
1632	300	300	
1633	301	301	
1634	302	302	
1635	301	301	
1636	300	300	
1637	301	301	
1638	302	302	
1639	299	299	
1640	300	300	
1641	299	299	
1642	300	300	
1643	299	299	
1644	300	300	
1645	299	299	
1646	300	300	
1647	301	301	
1648	300	300	
1649	300	300	
1650	301	301	
1651	300	300	
1652	300	300	
1653	302	302	
1654	299	299	
1655	300	300	
1656	299	299	
1657	300	300	
1658	300	300	
1659	298	298	
1660	298	298	
1661	299	299	
1662	297	297	
1663	298	298	
1664	298	298	
1665	298	298	
1666	297	297	
1667	297	297	
1668	300	300	
1669	298	298	
1670	297	297	
1671	299	299	
1672	298	298	
1673	299	299	
1674	296	296	
1675	294	294	
1676	295	295	
1677	295	295	
1678	294	294	
1679	293	293	
1680	292	292	
1681	292	292	
1682	289	289	
1683	291	291	
1684	289	289	
1685	289	289	
1686	290	290	
1687	289	289	
1688	288	288	
1689	288	288	
1690	287	287	
1691	287	287	
1692	288	288	
1693	288	288	
1694	287	287	
1695	286	286	
1696	287	287	
1697	286	286	
1698	287	287	
1699	286	286	
1700	284	284	
1701	283	283	
1702	284	284	
1703	284	284	
1704	283	283	
1705	284	284	
1706	285	285	
1707	287	287	
1708	287	287	
1709	288	288	
1710	288	288	
1711	289		
1712	288		
1713	289		
1714	290		
1715	289		
1716	290		
1717	290		
1718	291		
1719	292		
1720	292		
1721	292		
1722	293		
1723	292		
1724	293		293
1725	294		294
1726	295		295
1727	294		
1728	293		
1729	293		293
1730	294		294
1731	294		294
1732	295		295
1733	294		294
1734	296		296
1735	297		297
1736	297		297
1737	296		296
1738	296		296
1739	295		295
1740	295		295
1741	296		296
1742	295		295
1743	295		295
1744	294		294
1745	296		296
1746	296		296
1747	296		296
1748	297		297
1749	296		296
1750	296		296
1751	298		298
1752	297		297
1753	295		295
1754	298		298
1755	296		296
1756	297		297
1757	296		296
1758	298		298
1759	296		296
1760	298		298
1761	298		298
1762	298		298
1763	300		300
1764	300		300
1765	299		299
1766	298		298
1767	298		298
1768	298		298
1769	298		298
1770	298		298
1771	296		296
1772	298		298
1773	298		298
1774	298		298
1775	298		298
1776	298		298
1777	298		298
1778	298		298
1779	297		297
1780	296		296
1781	296		296
1782	298		298
1783	295		295
1784	298		298
1785	296		296
1786	298		298
1787	298		298
1788	297		297
1789	296		296
1790	298		298
1791	297		297
1792	297		297
1793	296		296
1794	296		296
1795	297		297
1796	297		297
1797	296		296
1798	297		297
1799	298		298
1800	296		296
1801	297		297
1802	298		298
1803	297		297
1804	298		298
1805	296		296
1806	297		297
1807	296		296
1808	298		298
1809	297		297
1810	298		298
1811	298		298
1812	298		298
1813	299		299
1814	296		296
1815	298		298
1816	299		299
1817	298		298
1818	296		296
1819	299		299
1820	298		298
1821	298		298
1822	296		296
1823	295		295
1824	296		296
1825	295		295
1826	298		298
1827	296		296
1828	296		296
1829	298		298
1830	297		297
1831	297		297
1832	296		296
1833	296		296
1834	297		297
1835	297		297
1836	296		296
1837	296		296
1838	297		297
1839	296		296
1840	298		298
1841	296		296
1842	296		296
1843	298		298
1844	297		297
1845	300		300
1846	297		297
1847	299		299
1848	299		299
1849	299		299
1850	299		299
1851	299		299
1852	299		299
1853	299		299
1854	297		297
1855	297		297
1856	298		298
1857	298		298
1858	299		299
1859	299		299
1860	298		298
1861	297		297
1862	299		299
1863	299		299
1864	298		298
1865	298		298
1866	299		299
1867	298		298
1868	299		299
1869	299		299
1870	297		297
1871	298		298
1872	298		298
1873	298		298
1874	298		298
1875	298		298
1876	296		296
1877	297		297
1878	297		297
1879	297		297
1880	298		298
1881	297		297
1882	298		298
1883	296		296
1884	296		296
1885	298		298
1886	298		298
1887	298		298
1888	299		299
1889	298		298
1890	297		297
1891	298		298
1892	299		299
1893	299		299
1894	298		298
1895	297		297
1896	299		299
1897	296		296
1898	297		297
1899	298		298
1900	298		298
1901	298		298
1902	297		297
1903	297		297
1904	298		298
1905	297		297
1906	298		298
1907	297		297
1908	298		298
1909	297		297
1910	299		299
1911	298		298
1912	298		298
1913	297		297
1914	298		298
1915	298		298
1916	297		297
1917	298		298
1918	298		298
1919	297		297
1920	298		298
1921	297		297
1922	298		298
1923	298		298
1924	296		296
1925	298		298
1926	298		298
1927	300		300
1928	298		298
1929	297		297
1930	297		297
1931	298		298
1932	298		298
1933	299		299
1934	298		298
1935	300		300
1936	299		299
1937	300		300
1938	298		298
1939	298		298
1940	298		298
1941	299		299
1942	299		299
1943	299		299
1944	298		298
1945	299		
1946	299		
1947	301		
1948	299		
1949	301		
1950	300		
1951	301		
1952	302		
1953	305		
1954	303		
1955	304		
1956	307		
1957	306		
1958	308		
1959	308		
1960	308		
1961	309		
1962	311		
1963	310		
1964	311		
1965	313		
1966	312		
1967	314		
1968	314		
1969	315	315	
1970	313	313	
1971	313	313	
1972	313	313	
1973	314	314	
1974	313	313	
1975	314	314	
1976	315	315	
1977	314	314	
1978	314	314	
1979	314	314	
1980	313	313	
1981	313	313	
1982	310	310	
1983	308	308	
1984	309	309	
1985	308	308	
1986	309	309	
1987	306	306	
1988	304	304	
1989	305	305	
1990	304	304	
1991	304	304	
1992	302	302	
1993	303	303	
1994	302	302	
1995	302	302	
1996	302	302	
1997	301	301	
1998	302	302	
1999	301	301	
2000	299	299	
2001	298	298	
2002	298	298	
2003	299	299	
2004	298	298	
2005	299	299	
2006	299	299	
2007	300	300	
2008	298	298	
2009	298	298	
2010	300	300	
2011	300	300	
2012	298	298	
2013	299	299	
2014	299	299	
2015	298	298	
2016	299	299	
2017	298	298	
2018	300	300	
2019	299	299	
2020	298	298	
2021	300	300	
2022	298	298	
2023	298	298	
2024	299	299	
2025	297	297	
2026	299	299	
2027	298	298	
2028	299	299	
2029	298	298	
2030	298	298	
2031	299	299	
2032	298	298	
2033	298	298	
2034	298	298	
2035	299	299	
2036	298	298	
2037	297	297	
2038	297	297	
2039	297	297	
2040	298	298	
2041	297	297	
2042	296	296	
2043	296	296	
2044	295	295	
2045	294	294	
2046	294	294	
2047	294	294	
2048	293	293	
2049	291	291	
2050	290	290	
2051	291	291	
2052	291	291	
2053	291	291	
2054	290	290	
2055	289	289	
2056	288	288	
2057	288	288	
2058	288	288	
2059	287	287	
2060	287	287	
2061	288	288	
2062	288	288	
2063	287	287	
2064	287	287	
2065	286	286	
2066	285	285	
2067	285	285	
2068	286	286	
2069	283	283	
2070	282	282	
2071	284	284	
2072	284	284	
2073	283	283	
2074	283	283	
2075	285	285	
2076	285	285	
2077	285	285	
2078	287	287	
2079	287	287	
2080	287	287	
2081	289	289	
2082	290	290	
2083	290	290	
2084	290	290	
2085	291	291	
2086	290	290	
2087	292	292	
2088	291	291	
2089	292	292	
2090	292		
2091	293		
2092	292		
2093	292		
2094	294		
2095	292		
2096	293		
2097	294		
2098	294		
2099	293		
2100	294		
2101	294		
2102	295		
2103	294		
2104	294		294
2105	296		296
2106	294		294
2107	295		295
2108	295		295
2109	295		295
2110	295		295
2111	296		296
2112	296		296
2113	296		296
2114	295		295
2115	296		296
2116	294		294
2117	295		295
2118	296		296
2119	295		295
2120	295		295
2121	296		296
2122	296		296
2123	298		298
2124	295		295
2125	297		297
2126	296		296
2127	296		296
2128	297		297
2129	298		298
2130	297		297
2131	298		298
2132	298		298
2133	296		296
2134	297		297
2135	298		298
2136	296		296
2137	300		300
2138	297		297
2139	298		298
2140	298		298
2141	299		299
2142	298		298
2143	299		299
2144	298		298
2145	299		299
2146	297		297
2147	298		298
2148	297		297
2149	298		298
2150	297		297
2151	298		298
2152	299		299
2153	299		299
2154	298		298
2155	299		299
2156	298		298
2157	297		297
2158	300		300
2159	299		299
2160	298		298
2161	299		299
2162	298		298
2163	298		298
2164	300		300
2165	297		297
2166	298		298
2167	297		297
2168	297		297
2169	297		297
2170	297		297
2171	297		297
2172	298		298
2173	297		297
2174	298		298
2175	298		298
2176	298		298
2177	298		298
2178	297		297
2179	297		297
2180	299		299
2181	297		297
2182	298		298
2183	297		297
2184	297		297
2185	298		298
2186	297		297
2187	298		298
2188	298		298
2189	298		298
2190	298		298
2191	297		297
2192	298		298
2193	298		298
2194	298		298
2195	298		298
2196	298		298
2197	298		298
2198	297		297
2199	298		298
2200	297		297
2201	299		299
2202	297		297
2203	298		298
2204	298		298
2205	298		298
2206	297		297
2207	298		298
2208	299		299
2209	298		298
2210	299		299
2211	299		299
2212	300		300
2213	299		299
2214	299		299
2215	298		298
2216	298		298
2217	299		299
2218	299		299
2219	299		299
2220	299		299
2221	299		299
2222	299		299
2223	299		299
2224	298		298
2225	299		299
2226	299		299
2227	300		300
2228	300		300
2229	299		299
2230	300		300
2231	299		299
2232	299		299
2233	299		299
2234	299		299
2235	298		298
2236	300		300
2237	298		298
2238	298		298
2239	300		300
2240	298		298
2241	299		299
2242	298		298
2243	298		298
2244	299		299
2245	299		299
2246	299		299
2247	298		298
2248	298		298
2249	298		298
2250	298		298
2251	299		299
2252	297		297
2253	297		297
2254	296		296
2255	298		298
2256	298		298
2257	297		297
2258	299		299
2259	298		298
2260	299		299
2261	299		299
2262	299		299
2263	298		298
2264	298		298
2265	298		298
2266	300		300
2267	299		299
2268	299		299
2269	299		299
2270	300		300
2271	300		300
2272	299		299
2273	301		301
2274	300		300
2275	299		299
2276	299		299
2277	299		299
2278	298		298
2279	297		297
2280	300		300
2281	299		299
2282	298		298
2283	298		298
2284	299		299
2285	298		298
2286	300		300
2287	298		298
2288	298		298
2289	299		299
2290	299		299
2291	299		299
2292	299		299
2293	298		298
2294	299		299
2295	299		299
2296	297		297
2297	297		297
2298	299		299
2299	299		299
2300	298		298
2301	297		297
2302	298		298
2303	296		296
2304	298		298
2305	298		298
2306	298		298
2307	299		299
2308	297		297
2309	298		298
2310	297		297
2311	298		298
2312	299		299
2313	297		297
2314	298		
2315	299		
2316	298		
2317	299		
2318	299		
2319	301		
2320	300		
2321	301		
2322	303		
2323	303		
2324	303		
2325	304		
2326	306		
2327	306		
2328	308		
2329	308		
2330	308		
2331	310		
2332	309		
2333	310		
2334	313		
2335	313		
2336	313		
2337	314		
2338	313	313	
2339	314	314	
2340	315	315	
2341	317	317	
2342	315	315	
2343	316	316	
2344	317	317	
2345	316	316	
2346	315	315	
2347	317	317	
2348	316	316	
2349	316	316	
2350	314	314	
2351	315	315	
2352	313	313	
2353	310	310	
2354	311	311	
2355	308	308	
2356	308	308	
2357	309	309	
2358	307	307	
2359	307	307	
2360	308	308	
2361	304	304	
2362	305	305	
2363	306	306	
2364	303	303	
2365	304	304	
2366	304	304	
2367	302	302	
2368	302	302	
2369	303	303	
2370	302	302	
2371	302	302	
2372	302	302	
2373	302	302	
2374	300	300	
2375	301	301	
2376	302	302	
2377	299	299	
2378	299	299	
2379	300	300	
2380	300	300	
2381	298	298	
2382	300	300	
2383	300	300	
2384	300	300	
2385	299	299	
2386	298	298	
2387	300	300	
2388	298	298	
2389	300	300	
2390	298	298	
2391	299	299	
2392	299	299	
2393	298	298	
2394	298	298	
2395	297	297	
2396	297	297	
2397	298	298	
2398	298	298	
2399	299	299	
2400	298	298	
2401	300	300	
2402	299	299	
2403	299	299	
2404	298	298	
2405	299	299	
2406	298	298	
2407	298	298	
2408	297	297	
2409	297	297	
2410	298	298	
2411	298	298	
2412	296	296	
2413	295	295	
2414	295	295	
2415	295	295	
2416	292	292	
2417	292	292	
2418	291	291	
2419	291	291	
2420	292	292	
2421	292	292	
2422	290	290	
2423	289	289	
2424	289	289	
2425	290	290	
2426	288	288	
2427	287	287	
2428	288	288	
2429	288	288	
2430	288	288	
2431	288	288	
2432	287	287	
2433	286	286	
2434	287	287	
2435	285	285	
2436	285	285	
2437	285	285	
2438	285	285	
2439	284	284	
2440	284	284	
2441	283	283	
2442	284	284	
2443	287	287	
2444	288	288	
2445	287	287	
2446	287	287	
2447	288	288	
2448	288	288	
2449	289	289	
2450	290	290	
2451	290	290	
2452	290	290	
2453	291	291	
2454	291		
2455	293		
2456	292		
2457	292		
2458	294		
2459	293		
2460	294		
2461	293		
2462	294		
2463	294		
2464	292		
2465	292		
2466	294		
2467	293		
2468	293		
2469	295		295
2470	296		296
2471	295		295
2472	295		295
2473	294		294
2474	295		295
2475	295		295
2476	296		296
2477	294		294
2478	294		294
2479	297		297
2480	294		294
2481	295		295
2482	295		295
2483	296		296
2484	296		296
2485	296		296
2486	296		296
2487	295		295
2488	295		295
2489	294		294
2490	296		296
2491	295		295
2492	297		297
2493	295		295
2494	297		297
2495	296		296
2496	296		296
2497	295		295
2498	298		298
2499	296		296
2500	296		296
2501	298		298
2502	297		297
2503	296		296
2504	297		297
2505	296		296
2506	296		296
2507	296		296
2508	296		296
2509	298		298
2510	298		298
2511	298		298
2512	296		296
2513	298		298
2514	297		297
2515	297		297
2516	296		296
2517	298		298
2518	297		297
2519	298		298
2520	298		298
2521	298		298
2522	297		297
2523	298		298
2524	298		298
2525	297		297
2526	298		298
2527	298		298
2528	298		298
2529	300		300
2530	298		298
2531	299		299
2532	296		296
2533	300		300
2534	299		299
2535	298		298
2536	297		297
2537	298		298
2538	299		299
2539	299		299
2540	298		298
2541	298		298
2542	299		299
2543	297		297
2544	298		298
2545	297		297
2546	298		298
2547	297		297
2548	297		297
2549	298		298
2550	299		299
2551	298		298
2552	299		299
2553	298		298
2554	299		299
2555	298		298
2556	298		298
2557	298		298
2558	299		299
2559	298		298
2560	298		298
2561	298		298
2562	297		297
2563	299		299
2564	298		298
2565	298		298
2566	297		297
2567	299		299
2568	298		298
2569	299		299
2570	298		298
2571	299		299
2572	298		298
2573	297		297
2574	298		298
2575	296		296
2576	299		299
2577	298		298
2578	299		299
2579	299		299
2580	297		297
2581	299		299
2582	298		298
2583	298		298
2584	298		298
2585	298		298
2586	298		298
2587	300		300
2588	299		299
2589	298		298
2590	298		298
2591	298		298
2592	298		298
2593	299		299
2594	299		299
2595	298		298
2596	300		300
2597	298		298
2598	298		298
2599	299		299
2600	298		298
2601	298		298
2602	298		298
2603	298		298
2604	298		298
2605	298		298
2606	299		299
2607	299		299
2608	299		299
2609	299		299
2610	299		299
2611	300		300
2612	299		299
2613	298		298
2614	298		298
2615	299		299
2616	299		299
2617	299		299
2618	298		298
2619	299		299
2620	298		298
2622	300		300
2623	298		298
2624	298		298
2625	299		299
2626	299		299
2627	298		298
2628	299		299
2629	299		299
2630	298		298
2631	299		299
2632	300		300
2633	297		297
2634	298		298
2635	297		297
2636	297		297
2637	297		297
2638	299		299
2639	297		297
2640	298		298
2641	298		298
2642	299		299
2643	298		298
2644	298		298
2645	299		299
2646	299		299
2647	300		300
2648	298		298
2649	297		297
2650	299		299
2651	298		298
2652	298		298
2653	299		299
2654	298		298
2655	298		298
2656	299		299
2657	299		299
2658	299		299
2659	297		297
2660	299		299
2661	297		297
2664	298		298
2665	298		298
2666	299		299
2667	298		298
2668	299		299
2669	299		299
2670	300		300
2671	298		298
2672	299		299
2673	298		298
2674	300		300
2675	299		299
2676	299		299
2677	298		298
2678	298		298
2680	298		298
2681	298		298
2682	299		
2683	300		
2684	299		
2685	299		
2686	298		
2687	301		
2688	300		
2689	301		
2690	301		
2691	302		
2692	302		
2693	304		
2694	305		
2695	306		
2696	308		
2697	309		
2698	309		
2699	309		
2700	309		
2701	309		
2702	312		
2703	311		
2704	312		
2705	314		
2706	313	313	
2707	314	314	
2708	314	314	
2709	313	313	
2710	315	315	
2711	316	316	
2712	317	317	
2713	317	317	
2714	317	317	
2715	316	316	
2716	314	314	
2717	315	315	
2718	314	314	
2719	314	314	
2720	313	313	
2721	310	310	
2722	309	309	
2723	308	308	
2724	309	309	
2725	308	308	
2726	308	308	
2727	305	305	
2728	305	305	
2729	304	304	
2730	304	304	
2731	304	304	
2732	303	303	
2733	304	304	
2734	303	303	
2735	304	304	
2736	301	301	
2737	300	300	
2738	302	302	
2739	301	301	
2740	300	300	
2741	300	300	
2742	299	299	
2743	301	301	
2744	299	299	
2745	300	300	
2746	300	300	
2747	299	299	
2748	300	300	
2749	299	299	
2750	299	299	
2751	299	299	
2752	298	298	
2753	298	298	
2754	299	299	
2755	298	298	
2756	300	300	
2757	299	299	
2758	299	299	
2759	299	299	
2760	300	300	
2761	300	300	
2762	299	299	
2763	298	298	
2764	298	298	
2765	299	299	
2766	298	298	
2767	298	298	
2768	298	298	
2769	299	299	
2770	298	298	
2771	300	300	
2772	298	298	
2773	299	299	
2774	298	298	
2775	298	298	
2776	298	298	
2777	298	298	
2778	298	298	
2779	299	299	
2780	297	297	
2781	296	296	
2782	297	297	
2783	295	295	
2784	295	295	
2785	292	292	
2786	292	292	
2787	290	290	
2788	291	291	
2789	291	291	
2790	290	290	
2791	290	290	
2792	289	289	
2793	289	289	
2794	289	289	
2795	288	288	
2796	288	288	
2797	289	289	
2798	287	287	
2799	285	285	
2800	286	286	
2801	286	286	
2802	285	285	
2803	285	285	
2804	284	284	
2805	284	284	
2806	283	283	
2807	284	284	
2808	284	284	
2809	283	283	
2810	286	286	
2811	283	283	
2812	286	286	
2813	286	286	
2814	287	287	
2815	287	287	
2816	289	289	
2817	287	287	
2818	289	289	
2819	289		
2820	289		
2821	291		
2822	291		
2823	291		
2824	293		
2825	294		
2826	292		
2827	294		
2828	293		
2829	292		
2830	294		
2831	294		
2832	295		295
2833	295		295
2834	293		293
2835	293		293
2836	294		294
2837	295		295
2838	295		295
2839	296		296
2840	294		294
2841	295		295
2842	296		296
2843	295		295
2844	296		296
2845	295		295
2846	294		294
2847	295		295
2848	295		295
2849	297		297
2850	297		297
2851	295		295
2852	296		296
2853	296		296
2854	296		296
2855	296		296
2856	295		295
2857	296		296
2858	297		297
2859	296		296
2860	297		297
2861	298		298
2862	297		297
2863	297		297
2864	299		299
2865	297		297
2866	298		298
2867	298		298
2868	296		296
2869	296		296
2870	297		297
2871	297		297
2872	295		295
2873	298		298
2874	296		296
2875	296		296
2876	298		298
2877	297		297
2878	298		298
2879	299		299
2880	299		299
2881	298		298
2882	298		298
2883	298		298
2884	299		299
2885	297		297
2886	298		298
2887	298		298
2888	297		297
2889	298		298
2890	295		295
2891	296		296
2892	296		296
2893	296		296
2894	297		297
2895	296		296
2896	296		296
2897	295		295
2898	296		296
2899	298		298
2900	296		296
2901	296		296
2902	295		295
2903	296		296
2904	297		297
2905	297		297
2906	296		296
2907	296		296
2908	296		296
2909	297		297
2910	297		297
2911	297		297
2912	296		296
2913	295		295
2914	298		298
2915	296		296
2916	296		296
2917	298		298
2918	297		297
2919	298		298
2920	300		300
2921	299		299
2922	297		297
2923	297		297
2924	297		297
2925	297		297
2926	298		298
2927	297		297
2928	298		298
2929	298		298
2930	298		298
2931	297		297
2932	298		298
2933	298		298
2934	298		298
2935	298		298
2936	298		298
2937	298		298
2938	298		298
2939	298		298
2940	298		298
2941	299		299
2942	297		297
2943	298		298
2944	298		298
2945	299		299
2946	298		298
2947	297		297
2948	298		298
2949	299		299
2950	299		299
2951	299		299
2952	299		299
2953	299		299
2954	299		299
2955	299		299
2956	299		299
2957	298		298
2958	299		299
2959	298		298
2960	299		299
2961	300		300
2962	299		299
2963	300		300
2964	299		299
2965	299		299
2966	300		300
2967	298		298
2968	299		299
2969	299		299
2970	299		299
2971	299		299
2972	300		300
2973	299		299
2974	299		299
2975	299		299
2976	300		300
2977	300		300
2978	300		300
2979	300		300
2980	299		299
2981	298		298
2982	300		300
2983	298		298
2984	300		300
2985	299		299
2986	298		298
2987	299		299
2988	298		298
2989	299		299
2990	299		299
2991	299		299
2992	300		300
2993	299		299
2994	298		298
2995	299		299
2996	298		298
2997	298		298
2998	300		300
2999	300		300
3000	300		300
3001	299		299
3002	300		300
3003	299		299
3004	301		301
3005	297		297
3006	299		299
3007	298		298
3008	299		299
3009	298		298
3010	299		299
3011	298		298
3012	299		299
3013	298		298
3014	298		298
3015	297		297
3016	297		297
3017	298		298
3018	297		297
3019	298		298
3020	298		298
3021	298		298
3022	296		296
3023	298		298
3024	298		298
3025	298		298
3026	297		297
3027	296		296
3028	297		297
3029	296		296
3030	297		297
3031	297		297
3032	296		296
3033	295		295
3034	298		298
3035	295		295
3036	297		297
3037	295		295
3038	298		298
3039	296		296
3040	297		297
3041	297		297
3042	296		296
3043	296		296
3044	296		296
3045	298		298
3046	297		297
3047	298		298
3048	298		
3049	298		
3050	298		
3051	297		
3052	299		
3053	296		
3054	297		
3055	300		
3056	299		
3057	300		
3058	300		
3059	301		
3060	302		
3061	302		
3062	304		
3063	304		
3064	305		
3065	308		
3066	308		
3067	308		
3068	308		
3069	308		
3070	310		
3071	312		
3072	312		
3073	312	312	
3074	312	312	
3075	312	312	
3076	312	312	
3077	313	313	
3078	314	314	
3079	314	314	
3080	313	313	
3081	313	313	
3082	313	313	
3083	313	313	
3084	314	314	
3085	315	315	
3086	313	313	
3087	312	312	
3088	309	309	
3089	309	309	
3090	308	308	
3091	308	308	
3092	308	308	
3093	308	308	
3094	308	308	
3095	306	306	
3096	304	304	
3097	304	304	
3098	304	304	
3099	303	303	
3100	304	304	
3101	303	303	
3102	303	303	
3103	303	303	
3104	302	302	
3105	301	301	
3106	301	301	
3107	299	299	
3108	299	299	
3109	301	301	
3110	299	299	
3111	298	298	
3112	299	299	
3113	298	298	
3114	299	299	
3115	299	299	
3116	299	299	
3117	300	300	
3118	299	299	
3119	300	300	
3120	299	299	
3121	300	300	
3122	300	300	
3123	300	300	
3124	299	299	
3125	299	299	
3126	300	300	
3127	299	299	
3128	298	298	
3129	300	300	
3130	299	299	
3131	298	298	
3132	299	299	
3133	300	300	
3134	298	298	
3135	300	300	
3136	298	298	
3137	298	298	
3138	299	299	
3139	299	299	
3140	300	300	
3141	298	298	
3142	300	300	
3143	298	298	
3144	301	301	
3145	300	300	
3146	299	299	
3147	298	298	
3148	298	298	
3149	298	298	
3150	295	295	
3151	294	294	
3152	294	294	
3153	294	294	
3154	292	292	
3155	293	293	
3156	292	292	
3157	292	292	
3158	289	289	
3159	290	290	
3160	289	289	
3161	288	288	
3162	289	289	
3163	289	289	
3164	288	288	
3165	288	288	
3166	287	287	
3167	287	287	
3168	287	287	
3169	286	286	
3170	287	287	
3171	286	286	
3172	287	287	
3173	285	285	
3174	287	287	
3175	284	284	
3176	285	285	
3177	284	284	
3178	284	284	
3179	285	285	
3180	286	286	
3181	287	287	
3182	287	287	
3183	288	288	
3184	288	288	
3185	290	290	
3186	289	289	
3187	290	290	
3188	290	290	
3189	291	291	
3190	291		
3191	292		
3192	293		
3193	293		
3194	294		
3195	294		
3196	293		
3197	294		
3198	296		
3199	294		
3200	294		
3201	296		
3202	295		
3203	296		
3204	295		295
3205	296		296
3206	294		294
3207	296		296
3208	295		295
3209	296		296
3210	295		295
3211	296		296
3212	296		296
3213	296		296
3214	296		296
3215	296		296
3216	297		297
3217	296		296
3218	296		296
3219	297		297
3220	298		298
3221	298		298
3222	298		298
3223	298		298
3224	299		299
3225	297		297
3226	297		297
3227	296		296
3228	298		298
3229	297		297
3230	298		298
3231	297		297
3232	299		299
3233	298		298
3234	299		299
3235	297		297
3236	298		298
3237	296		296
3238	298		298
3239	298		298
3240	297		297
3241	298		298
3242	298		298
3243	299		299
3244	297		297
3245	298		298
3246	297		297
3247	296		296
3248	298		298
3249	297		297
3250	297		297
3251	297		297
3252	297		297
3253	295		295
3254	297		297
3255	298		298
3256	298		298
3257	296		296
3258	296		296
3259	296		296
3260	296		296
3261	297		297
3262	297		297
3263	298		298
3264	297		297
3265	298		298
3266	296		296
3267	297		297
3268	297		297
3269	298		298
3270	297		297
3271	298		298
3272	297		297
3273	296		296
3274	298		298
3275	297		297
3276	298		298
3277	298		298
3278	297		297
3279	297		297
3280	296		296
3281	296		296
3282	297		297
3283	298		298
3284	297		297
3285	297		297
3286	298		298
3287	297		297
3288	298		298
3289	297		297
3290	299		299
3291	298		298
3292	298		298
3293	299		299
3294	298		298
3295	298		298
3296	299		299
3297	299		299
3298	298		298
3299	298		298
3300	298		298
3301	298		298
3302	298		298
3303	299		299
3304	299		299
3305	299		299
3306	298		298
3307	300		300
3308	300		300
3309	300		300
3310	299		299
3311	299		299
3312	298		298
3313	298		298
3314	298		298
3315	300		300
3316	300		300
3317	298		298
3318	301		301
3319	299		299
3320	299		299
3321	299		299
3322	299		299
3323	300		300
3324	299		299
3325	299		299
3326	299		299
3327	299		299
3328	300		300
3329	298		298
3330	299		299
3331	299		299
3332	299		299
3333	298		298
3334	298		298
3335	298		298
3336	299		299
3337	299		299
3338	298		298
3339	298		298
3340	299		299
3341	298		298
3342	298		298
3343	298		298
3344	299		299
3345	299		299
3346	300		300
3347	298		298
3348	299		299
3349	299		299
3350	299		299
3351	299		299
3352	298		298
3353	300		300
3354	298		298
3355	298		298
3356	298		298
3357	298		298
3358	299		299
3359	300		300
3360	298		298
3361	298		298
3362	299		299
3363	299		299
3364	300		300
3365	299		299
3366	299		299
3367	299		299
3368	300		300
3369	300		300
3370	300		300
3371	299		299
3372	300		300
3373	298		298
3374	297		297
3375	300		300
3376	300		300
3377	298		298
3378	298		298
3379	298		298
3380	298		298
3381	298		298
3382	297		297
3383	296		296
3384	298		298
3385	297		297
3386	296		296
3387	297		297
3388	297		297
3389	297		297
3390	297		297
3391	297		297
3392	297		297
3393	297		297
3394	296		296
3395	297		297
3396	297		297
3397	296		296
3398	296		296
3399	299		299
3400	298		298
3401	298		298
3402	298		298
3403	296		296
3404	299		299
3405	298		298
3406	297		297
3407	298		298
3408	296		296
3409	297		297
3410	297		297
3411	299		299
3412	297		297
3413	297		297
3414	297		297
3415	296		296
3416	297		
3417	298		
3418	296		
3419	296		
3420	298		
3421	298		
3422	298		
3423	296		
3424	299		
3425	299		
3426	299		
3427	302		
3428	303		
3429	302		
3430	305		
3431	305		
3432	305		
3433	308		
3434	307		
3435	308		
3436	309		
3437	309		
3438	310		
3439	311		
3440	312	312	
3441	314	314	
3442	313	313	
3443	312	312	
3444	314	314	
3445	314	314	
3446	314	314	
3447	313	313	
3448	314	314	
3449	315	315	
3450	315	315	
3451	314	314	
3452	315	315	
3453	314	314	
3454	313	313	
3455	312	312	
3456	314	314	
3457	312	312	
3458	310	310	
3459	310	310	
3460	309	309	
3461	309	309	
3462	309	309	
3463	305	305	
3464	307	307	
3465	305	305	
3466	303	303	
3467	305	305	
3468	303	303	
3469	304	304	
3470	303	303	
3471	303	303	
3472	301	301	
3473	302	302	
3474	302	302	
3475	299	299	
3476	302	302	
3477	301	301	
3478	299	299	
3479	299	299	
3480	300	300	
3481	298	298	
3482	299	299	
3483	298	298	
3484	299	299	
3485	298	298	
3486	299	299	
3487	299	299	
3488	298	298	
3489	298	298	
3490	299	299	
3491	300	300	
3492	298	298	
3493	299	299	
3494	298	298	
3495	298	298	
3496	299	299	
3497	298	298	
3498	299	299	
3499	300	300	
3500	300	300	
3501	302	302	
3502	299	299	
3503	298	298	
3504	299	299	
3505	298	298	
3506	298	298	
3507	299	299	
3508	299	299	
3509	298	298	
3510	297	297	
3511	298	298	
3512	298	298	
3513	298	298	
3514	297	297	
3515	298	298	
3516	298	298	
3517	296	296	
3518	298	298	
3519	297	297	
3520	295	295	
3521	295	295	
3522	293	293	
3523	291	291	
3524	292	292	
3525	290	290	
3526	289	289	
3527	291	291	
3528	291	291	
3529	290	290	
3530	288	288	
3531	289	289	
3532	288	288	
3533	288	288	
3534	288	288	
3535	287	287	
3536	285	285	
3537	285	285	
3538	287	287	
3539	285	285	
3540	286	286	
3541	287	287	
3542	286	286	
3543	285	285	
3544	284	284	
3545	284	284	
3546	284	284	
3547	283	283	
3548	285	285	
3549	286	286	
3550	287	287	
3551	288	288	
3552	288	288	
3553	287	287	
3554	289	289	
3555	290	290	
3556	290	290	
3557	290	290	
3558	290	290	
3559	291	291	
3560	292	292	
3561	292	292	
3562	293	293	
3563	292		
3564	292		
3565	294		
3566	293		
3567	294		
3568	295		
3569	294		
3570	294		
3571	296		
3572	295		
3573	296		
3574	295		
3575	295		
3576	296		
3577	295		
3578	295		
3579	294		
3580	294		
3581	295		295
3582	296		296
3583	296		296
3584	294		294
3585	297		297
3586	294		294
3587	296		296
3588	295		295
3589	294		294
3590	296		296
3591	296		296
3592	297		297
3593	296		296
3594	296		296
3595	296		296
3596	298		298
3597	297		297
3598	297		297
3599	296		296
3600	295		295
3601	295		295
3602	294		294
3603	295		295
3604	296		296
3605	297		297
3606	296		296
3607	296		296
3608	295		295
3609	295		295
3610	296		296
3611	296		296
3612	294		294
3613	297		297
3614	295		295
3615	297		297
3616	294		294
3617	295		295
3618	296		296
3619	297		297
3620	297		297
3621	296		296
3622	297		297
3623	296		296
3624	296		296
3625	297		297
3626	298		298
3627	298		298
3628	299		299
3629	297		297
3630	298		298
3631	298		298
3632	298		298
3633	298		298
3634	298		298
3635	297		297
3636	298		298
3637	299		299
3638	298		298
3639	299		299
3640	297		297
3641	299		299
3642	297		297
3643	298		298
3644	296		296
3645	298		298
3646	297		297
3647	299		299
3648	298		298
3649	298		298
3650	297		297
3651	297		297
3652	298		298
3653	296		296
3654	298		298
3655	297		297
3656	299		299
3657	298		298
3658	297		297
3659	298		298
3660	300		300
3661	298		298
3662	299		299
3663	298		298
3664	297		297
3665	298		298
3666	297		297
3667	298		298
3668	299		299
3669	298		298
3670	298		298
3671	297		297
3672	296		296
3673	299		299
3674	297		297
3675	298		298
3676	298		298
3677	298		298
3678	299		299
3679	298		298
3680	299		299
3681	299		299
3682	297		297
3683	297		297
3684	298		298
3685	297		297
3686	298		298
3687	299		299
3688	298		298
3689	296		296
3690	298		298
3691	298		298
3692	298		298
3693	298		298
3694	298		298
3695	297		297
3696	298		298
3697	298		298
3698	298		298
3699	299		299
3700	296		296
3701	296		296
3702	297		297
3703	298		298
3704	299		299
3705	298		298
3706	296		296
3707	297		297
3708	298		298
3709	299		299
3710	298		298
3711	298		298
3712	297		297
3713	299		299
3714	299		299
3715	297		297
3716	299		299
3717	298		298
3718	298		298
3719	298		298
3720	298		298
3721	298		298
3722	298		298
3723	299		299
3724	297		297
3725	298		298
3726	299		299
3727	298		298
3728	298		298
3729	299		299
3730	298		298
3731	298		298
3732	298		298
3733	298		298
3734	297		297
3735	296		296
3736	297		297
3737	297		297
3738	297		297
3739	299		299
3740	298		298
3741	298		298
3742	298		298
3743	298		298
3744	299		299
3745	299		299
3746	298		298
3747	299		299
3748	299		299
3749	298		298
3750	299		299
3751	300		300
3752	300		300
3754	298		298
3755	299		299
3756	298		298
3757	299		299
3758	298		298
3759	298		298
3760	300		300
3761	298		298
3762	297		297
3763	298		298
3764	300		300
3765	298		298
3766	299		299
3767	299		299
3768	298		298
3769	300		300
3770	300		300
3771	298		298
3772	298		298
3773	298		298
3774	298		298
3775	298		298
3776	299		299
3777	299		299
3778	299		299
3779	300		300
3780	298		298
3781	298		298
3782	298		298
3783	298		298
3784	297		297
3785	298		298
3786	298		298
3787	299		
3788	299		
3789	297		
3790	297		
3791	296		
3792	299		
3793	298		
3794	299		
3795	302		
3796	302		
3797	302		
3798	303		
3799	304		
3800	306		
3801	306		
3802	308		
3803	310		
3804	309		
3805	311		
3806	310		
3807	311		
3808	311		
3809	311		
3810	313	313	
3811	312	312	
3812	314	314	
3813	314	314	
3814	314	314	
3815	315	315	
3816	315	315	
3817	315	315	
3818	315	315	
3819	315	315	
3820	315	315	
3821	315	315	
3822	314	314	
3823	314	314	
3824	314	314	
3825	312	312	
3826	311	311	
3827	310	310	
3828	309	309	
3829	309	309	
3830	306	306	
3831	307	307	
3832	305	305	
3833	305	305	
3834	305	305	
3835	303	303	
3836	304	304	
3837	303	303	
3838	303	303	
3839	302	302	
3840	301	301	
3841	301	301	
3842	302	302	
3843	302	302	
3844	301	301	
3845	300	300	
3846	300	300	
3847	300	300	
3848	299	299	
3849	298	298	
3850	299	299	
3851	299	299	
3852	298	298	
3853	298	298	
3854	299	299	
3855	299	299	
3856	299	299	
3857	298	298	
3858	300	300	
3859	299	299	
3860	301	301	
3861	299	299	
3862	298	298	
3863	298	298	
3864	299	299	
3865	299	299	
3866	298	298	
3867	298	298	
3868	298	298	
3869	297	297	
3870	297	297	
3871	299	299	
3872	299	299	
3873	299	299	
3874	298	298	
3875	298	298	
3876	297	297	
3877	298	298	
3878	299	299	
3879	298	298	
3880	300	300	
3881	299	299	
3882	298	298	
3883	298	298	
3884	299	299	
3885	299	299	
3886	295	295	
3887	297	297	
3888	296	296	
3889	293	293	
3890	294	294	
3891	293	293	
3892	292	292	
3893	291	291	
3894	292	292	
3895	292	292	
3896	289	289	
3897	289	289	
3898	290	290	
3899	288	288	
3900	288	288	
3901	287	287	
3902	287	287	
3903	288	288	
3904	287	287	
3905	287	287	
3906	287	287	
3907	286	286	
3908	287	287	
3909	285	285	
3910	284	284	
3911	284	284	
3912	284	284	
3913	284	284	
3914	285	285	
3915	284	284	
3916	284	284	
3917	285	285	
3918	286	286	
3919	288	288	
3920	287	287	
3921	287	287	
3922	288	288	
3923	288	288	
3924	289	289	
3925	289	289	
3926	290	290	
3927	290	290	
3928	290	290	
3929	291	291	
3930	294	294	
3931	292	292	
3932	293	293	
3933	292	292	
3934	292		
3935	294		
3936	294		
3937	293		
3938	295		
3939	294		
3940	295		
3941	293		
3942	296		
3943	294		
3944	294		
3945	295		
3946	296		
3947	295		
3948	296		296
3949	296		296
3950	295		295
3951	296		296
3952	296		296
3953	296		
3954	295		
3955	296		296
3956	296		296
3957	296		296
3958	296		296
3959	296		296
3960	297		297
3961	296		296
3962	298		298
3963	297		297
3964	297		297
3965	296		296
3966	296		296
3967	296		296
3968	297		297
3969	297		297
3970	296		296
3971	297		297
3972	297		297
3973	298		298
3974	298		298
3975	296		296
3976	297		297
3977	296		296
3978	298		298
3979	297		297
3980	296		296
3981	297		297
3982	297		297
3983	298		298
3984	298		298
3985	297		297
3986	298		298
3987	296		296
3988	296		296
3989	297		297
3990	298		298
3991	298		298
3992	296		296
3993	298		298
3994	298		298
3995	297		297
3996	297		297
3997	296		296
3998	298		298
3999	298		298
4000	298		298
4001	298		298
4002	297		297
4003	296		296
4004	298		298
4005	298		298
4006	298		298
4007	298		298
4008	298		298
4009	297		297
4010	298		298
4011	296		296
4012	296		296
4013	297		297
4014	296		296
4015	298		298
4016	297		297
4017	298		298
4018	297		297
4019	296		296
4020	298		298
4021	298		298
4022	298		298
4023	298		298
4024	300		300
4025	299		299
4026	297		297
4027	298		298
4028	298		298
4029	299		299
4030	298		298
4031	298		298
4032	298		298
4033	298		298
4034	296		296
4035	296		296
4036	298		298
4037	296		296
4038	297		297
4039	295		295
4040	296		296
4041	297		297
4042	296		296
4043	297		297
4044	296		296
4045	297		297
4046	297		297
4047	296		296
4048	296		296
4049	296		296
4050	297		297
4051	297		297
4052	296		296
4053	296		296
4054	296		296
4055	295		295
4056	296		296
4057	295		295
4058	295		295
4059	295		295
4060	296		296
4061	295		295
4062	296		296
4063	298		298
4064	296		296
4065	298		298
4066	298		298
4067	296		296
4068	296		296
4069	298		298
4070	296		296
4071	298		298
4072	296		296
4073	296		296
4074	295		295
4075	297		297
4076	297		297
4077	296		296
4078	297		297
4079	296		296
4080	299		299
4081	296		296
4082	296		296
4083	297		297
4084	297		297
4085	296		296
4086	298		298
4087	296		296
4088	298		298
4089	297		297
4090	298		298
4091	299		299
4092	298		298
4093	296		296
4094	297		297
4095	299		299
4096	298		298
4097	298		298
4098	298		298
4099	298		298
4100	300		300
4101	297		297
4102	298		298
4103	297		297
4104	297		297
4105	298		298
4106	299		299
4107	299		299
4108	298		298
4109	298		298
4110	298		298
4111	297		297
4112	300		300
4113	298		298
4114	298		298
4115	298		298
4116	299		299
4117	299		299
4118	300		300
4119	300		300
4120	298		298
4121	299		299
4122	297		297
4123	297		297
4124	296		296
4125	299		299
4126	297		297
4127	298		298
4128	298		298
4129	299		299
4130	298		298
4131	299		299
4132	299		299
4133	299		299
4134	298		298
4135	300		300
4136	298		298
4137	297		297
4138	298		
4139	298		
4140	301		
4141	299		
4142	299		
4143	298		
4144	298		
4145	301		
4146	298		
4147	298		
4148	299		
4149	299		
4150	298		
4151	299		
4152	299		
4153	299		
4154	298		
4155	300		
4156	298		
4157	301		
4158	299		
4186	275	275	
4187	307		
4188	291		291
4189	266		266
4190	281		281
4191	308		308
4192	272		272
4193	277		277
4194	273		273
4195	289		289
4196	273		273
4197	309		
